2023 07 26 0000 51.0 74 0.00 1.0 34 25.0
2023 07 26 0100 49.0 79 0.00 1.0 15 25.0
2023 07 26 0200 47.0 85 0.00 1.0 25 25.0
2023 07 26 0300 44.0 90 0.00 1.0 53 25.0
2023 07 26 0400 41.0 92 0.00 0.0 1 25.0
2023 07 26 0500 41.0 93 0.00 0.0 62 25.0
2023 07 26 0600 54.0 69 0.00 0.0 94 25.0
2023 07 26 0700 64.0 48 0.00 1.0 180 25.0
2023 07 26 0800 70.0 31 0.00 3.0 211 25.0
2023 07 26 0900 72.0 23 0.00 8.0 291 25.0
2023 07 26 1000 74.0 21 0.00 9.0 310 25.0
2023 07 26 1100 77.0 19 0.00 8.0 302 25.0
2023 07 26 1200 78.0 19 0.00 9.0 338 0.0
2023 07 26 1300 80.0 19 0.00 5.0 323 0.0
2023 07 26 1400 81.0 18 0.00 6.0 316 0.0
2023 07 26 1500 81.0 17 0.00 9.0 317 0.0
2023 07 26 1600 80.0 18 0.00 9.0 325 0.0
2023 07 26 1700 80.0 18 0.00 7.0 315 0.0
2023 07 26 1800 78.0 18 0.00 5.0 317 0.0
2023 07 26 1900 72.0 22 0.00 0.0 309 0.0
2023 07 26 2000 59.0 42 0.00 0.0 59 0.0
2023 07 26 2100 53.0 56 0.00 1.0 88 0.0
2023 07 26 2200 50.0 61 0.00 1.0 42 0.0
2023 07 26 2300 46.0 69 0.00 1.0 29 0.0
2023 07 27 0000 44.0 74 0.00 0.0 12 0.0
2023 07 27 0100 42.0 79 0.00 0.0 33 0.0
2023 07 27 0200 40.0 81 0.00 0.0 37 0.0
2023 07 27 0300 38.0 87 0.00 1.0 69 0.0
2023 07 27 0400 38.0 87 0.00 0.0 12 0.0
2023 07 27 0500 40.0 83 0.00 0.0 13 0.0
2023 07 27 0600 51.0 63 0.00 1.0 87 0.0
2023 07 27 0700 61.0 46 0.00 1.0 208 0.0
2023 07 27 0800 69.0 34 0.00 1.0 124 0.0
2023 07 27 0900 74.0 26 0.00 2.0 214 0.0
2023 07 27 1000 76.0 25 0.00 3.0 92 0.0
2023 07 27 1100 77.0 25 0.00 5.0 192 0.0
2023 07 27 1200 80.0 24 0.00 10.0 179 100.0
2023 07 27 1300 73.0 33 0.00 6.0 193 100.0
2023 07 27 1400 80.0 26 0.00 3.0 135 100.0
2023 07 27 1500 83.0 22 0.00 3.0 312 100.0
2023 07 27 1600 80.0 20 0.00 7.0 288 100.0
2023 07 27 1700 79.0 24 0.00 4.0 322 100.0
2023 07 27 1800 78.0 25 0.00 3.0 355 0.0
2023 07 27 1900 70.0 32 0.00 1.0 352 0.0
2023 07 27 2000 59.0 56 0.00 0.0 0 0.0
2023 07 27 2100 53.0 66 0.00 0.0 38 0.0
2023 07 27 2200 48.0 74 0.00 0.0 57 0.0
2023 07 27 2300 45.0 80 0.00 0.0 83 0.0
2023 07 28 0000 44.0 81 0.00 2.0 350 50.0
2023 07 28 0100 42.0 83 0.00 1.0 336 50.0
2023 07 28 0200 41.0 86 0.00 2.0 0 50.0
2023 07 28 0300 41.0 88 0.00 1.0 21 50.0
2023 07 28 0400 39.0 91 0.00 0.0 99 50.0
2023 07 28 0500 40.0 91 0.00 1.0 34 50.0
2023 07 28 0600 51.0 74 0.00 0.0 348 0.0
2023 07 28 0700 63.0 51 0.00 1.0 313 0.0
2023 07 28 0800 69.0 41 0.00 2.0 25 0.0
2023 07 28 0900 75.0 35 0.00 2.0 340 0.0
2023 07 28 1000 79.0 28 0.00 3.0 254 0.0
2023 07 28 1100 82.0 22 0.00 5.0 174 0.0
2023 07 28 1200 84.0 22 0.00 7.0 157 0.0
2023 07 28 1300 84.0 23 0.00 4.0 206 0.0
2023 07 28 1400 82.0 25 0.00 4.0 352 0.0
2023 07 28 1500 86.0 22 0.00 5.0 349 0.0
2023 07 28 1600 86.0 22 0.00 4.0 321 0.0
2023 07 28 1700 81.0 30 0.00 7.0 184 0.0
2023 07 28 1800 76.0 36 0.00 3.0 104 0.0
2023 07 28 1900 72.0 43 0.00 2.0 230 0.0
2023 07 28 2000 64.0 54 0.00 2.0 355 0.0
2023 07 28 2100 59.0 63 0.00 1.0 39 0.0
2023 07 28 2200 56.0 71 0.00 0.0 133 0.0
2023 07 28 2300 54.0 75 0.00 2.0 13 0.0
