2023 08 15 0000 50.0 87 0.00 0.0 17 0.0
2023 08 15 0100 48.0 90 0.00 0.0 17 0.0
2023 08 15 0200 47.0 91 0.00 0.0 46 0.0
2023 08 15 0300 46.0 93 0.00 0.0 45 0.0
2023 08 15 0400 45.0 93 0.00 0.0 38 0.0
2023 08 15 0500 44.0 94 0.00 0.0 17 0.0
2023 08 15 0600 50.0 89 0.00 0.0 23 0.0
2023 08 15 0700 68.0 52 0.00 0.0 163 0.0
2023 08 15 0800 75.0 41 0.00 1.0 143 0.0
2023 08 15 0900 81.0 33 0.00 2.0 265 0.0
2023 08 15 1000 88.0 26 0.00 2.0 306 0.0
2023 08 15 1100 91.0 23 0.00 3.0 176 0.0
2023 08 15 1200 93.0 20 0.00 3.0 318 0.0
2023 08 15 1300 95.0 16 0.00 7.0 272 0.0
2023 08 15 1400 96.0 15 0.00 6.0 299 0.0
2023 08 15 1500 95.0 16 0.00 7.0 311 0.0
2023 08 15 1600 94.0 18 0.00 4.0 325 0.0
2023 08 15 1700 90.0 20 0.00 3.0 282 0.0
2023 08 15 1800 85.0 31 0.00 0.0 134 0.0
2023 08 15 1900 72.0 52 0.00 1.0 42 0.0
2023 08 15 2000 66.0 65 0.00 0.0 38 0.0
2023 08 15 2100 62.0 70 0.00 0.0 36 0.0
2023 08 15 2200 59.0 74 0.00 0.0 10 0.0
2023 08 15 2300 57.0 77 0.00 0.0 40 0.0
2023 08 16 0000 55.0 79 0.00 1.0 2 0.0
2023 08 16 0100 52.0 86 0.00 0.0 151 0.0
2023 08 16 0200 51.0 87 0.00 2.0 14 0.0
2023 08 16 0300 50.0 88 0.00 1.0 54 0.0
2023 08 16 0400 49.0 90 0.00 1.0 55 0.0
2023 08 16 0500 49.0 91 0.00 0.0 48 0.0
2023 08 16 0600 54.0 86 0.00 0.0 46 0.0
2023 08 16 0700 63.0 69 0.00 0.0 185 0.0
2023 08 16 0800 67.0 61 0.00 0.0 112 0.0
2023 08 16 0900 77.0 46 0.00 0.0 152 0.0
2023 08 16 1000 85.0 32 0.00 3.0 202 0.0
2023 08 16 1100 89.0 24 0.00 4.0 316 0.0
2023 08 16 1200 88.0 23 0.00 6.0 267 0.0
2023 08 16 1300 90.0 21 0.00 5.0 239 0.0
2023 08 16 1400 91.0 19 0.00 5.0 282 0.0
2023 08 16 1500 90.0 20 0.00 4.0 258 0.0
2023 08 16 1600 90.0 21 0.00 4.0 227 0.0
2023 08 16 1700 89.0 23 0.00 2.0 214 0.0
2023 08 16 1800 83.0 28 0.00 1.0 222 0.0
2023 08 16 1900 70.0 56 0.00 0.0 48 0.0
2023 08 16 2000 64.0 70 0.00 0.0 120 0.0
2023 08 16 2100 60.0 77 0.00 2.0 91 0.0
2023 08 16 2200 57.0 80 0.00 0.0 133 0.0
2023 08 16 2300 55.0 82 0.00 2.0 25 0.0
2023 08 17 0000 53.0 85 0.00 1.0 57 50.0
2023 08 17 0100 52.0 88 0.00 0.0 159 50.0
2023 08 17 0200 50.0 90 0.00 0.0 352 50.0
2023 08 17 0300 48.0 94 0.00 0.0 225 50.0
2023 08 17 0400 47.0 95 0.00 1.0 14 50.0
2023 08 17 0500 47.0 95 0.00 1.0 25 50.0
2023 08 17 0600 51.0 91 0.00 0.0 18 0.0
2023 08 17 0700 65.0 61 0.00 0.0 42 0.0
2023 08 17 0800 74.0 49 0.00 0.0 223 0.0
2023 08 17 0900 81.0 39 0.00 1.0 261 0.0
2023 08 17 1000 88.0 30 0.00 3.0 166 0.0
2023 08 17 1100 91.0 21 0.00 3.0 241 0.0
2023 08 17 1200 93.0 18 0.00 5.0 203 0.0
2023 08 17 1300 96.0 11 0.00 6.0 265 0.0
2023 08 17 1400 95.0 13 0.00 5.0 317 0.0
2023 08 17 1500 92.0 15 0.00 3.0 311 0.0
2023 08 17 1600 92.0 16 0.00 1.0 256 0.0
2023 08 17 1700 91.0 15 0.00 2.0 229 0.0
2023 08 17 1800 87.0 16 0.00 1.0 239 0.0
2023 08 17 1900 71.0 38 0.00 0.0 11 0.0
2023 08 17 2000 64.0 50 0.00 1.0 15 0.0
2023 08 17 2100 61.0 56 0.00 0.0 37 0.0
2023 08 17 2200 58.0 65 0.00 1.0 27 0.0
2023 08 17 2300 58.0 66 0.00 1.0 57 0.0
