2023 07 31 0000 50.0 64 0.00 1.0 26 0.0
2023 07 31 0100 48.0 71 0.00 0.0 68 0.0
2023 07 31 0200 46.0 78 0.00 0.0 46 0.0
2023 07 31 0300 44.0 81 0.00 1.0 15 0.0
2023 07 31 0400 43.0 85 0.00 1.0 15 0.0
2023 07 31 0500 43.0 87 0.00 0.0 153 0.0
2023 07 31 0600 51.0 74 0.00 1.0 54 0.0
2023 07 31 0700 64.0 46 0.00 0.0 206 0.0
2023 07 31 0800 72.0 35 0.00 1.0 30 0.0
2023 07 31 0900 79.0 28 0.00 2.0 201 0.0
2023 07 31 1000 84.0 23 0.00 5.0 336 0.0
2023 07 31 1100 89.0 17 0.00 2.0 194 0.0
2023 07 31 1200 91.0 13 0.00 4.0 119 0.0
2023 07 31 1300 93.0 13 0.00 4.0 139 0.0
2023 07 31 1400 94.0 11 0.00 6.0 213 0.0
2023 07 31 1500 93.0 12 0.00 7.0 311 0.0
2023 07 31 1600 92.0 14 0.00 6.0 322 0.0
2023 07 31 1700 89.0 15 0.00 7.0 312 0.0
2023 07 31 1800 87.0 18 0.00 5.0 319 0.0
2023 07 31 1900 79.0 23 0.00 0.0 258 0.0
2023 07 31 2000 66.0 43 0.00 0.0 344 0.0
2023 07 31 2100 60.0 55 0.00 0.0 85 0.0
2023 07 31 2200 56.0 63 0.00 1.0 47 0.0
2023 07 31 2300 53.0 66 0.00 1.0 14 0.0
2023 08 01 0000 51.0 71 0.00 0.0 40 0.0
2023 08 01 0100 49.0 75 0.00 0.0 38 0.0
2023 08 01 0200 46.0 80 0.00 0.0 20 0.0
2023 08 01 0300 44.0 84 0.00 0.0 57 0.0
2023 08 01 0400 42.0 85 0.00 0.0 70 0.0
2023 08 01 0500 42.0 87 0.00 0.0 24 0.0
2023 08 01 0600 51.0 72 0.00 0.0 28 0.0
2023 08 01 0700 66.0 44 0.00 0.0 73 0.0
2023 08 01 0800 76.0 32 0.00 1.0 166 0.0
2023 08 01 0900 83.0 19 0.00 1.0 164 0.0
2023 08 01 1000 86.0 15 0.00 3.0 251 0.0
2023 08 01 1100 87.0 15 0.00 3.0 88 0.0
2023 08 01 1200 89.0 14 0.00 5.0 194 0.0
2023 08 01 1300 89.0 13 0.00 9.0 321 0.0
2023 08 01 1400 90.0 12 0.00 6.0 314 0.0
2023 08 01 1500 90.0 13 0.00 6.0 330 0.0
2023 08 01 1600 90.0 14 0.00 3.0 317 0.0
2023 08 01 1700 88.0 15 0.00 4.0 338 0.0
2023 08 01 1800 82.0 21 0.00 0.0 0 0.0
2023 08 01 1900 70.0 37 0.00 1.0 6 0.0
2023 08 01 2000 62.0 56 0.00 1.0 36 0.0
2023 08 01 2100 57.0 62 0.00 1.0 44 0.0
2023 08 01 2200 53.0 67 0.00 1.0 17 0.0
2023 08 01 2300 51.0 72 0.00 0.0 80 0.0
2023 08 02 0000 48.0 74 0.00 0.0 24 0.0
2023 08 02 0100 47.0 77 0.00 1.0 47 0.0
2023 08 02 0200 46.0 76 0.00 0.0 4 0.0
2023 08 02 0300 44.0 83 0.00 0.0 55 0.0
2023 08 02 0400 43.0 85 0.00 0.0 32 0.0
2023 08 02 0500 43.0 86 0.00 0.0 50 0.0
2023 08 02 0600 51.0 72 0.00 0.0 41 0.0
2023 08 02 0700 66.0 44 0.00 0.0 186 0.0
2023 08 02 0800 74.0 32 0.00 1.0 165 0.0
2023 08 02 0900 82.0 24 0.00 1.0 104 0.0
2023 08 02 1000 88.0 19 0.00 1.0 49 0.0
2023 08 02 1100 91.0 14 0.00 2.0 314 0.0
2023 08 02 1200 92.0 13 0.00 5.0 216 0.0
2023 08 02 1300 94.0 12 0.00 5.0 177 0.0
2023 08 02 1400 96.0 10 0.00 2.0 253 0.0
2023 08 02 1500 94.0 11 0.00 4.0 193 0.0
2023 08 02 1600 94.0 11 0.00 4.0 293 0.0
2023 08 02 1700 88.0 14 0.00 1.0 296 0.0
2023 08 02 1800 81.0 28 0.00 0.0 37 0.0
2023 08 02 1900 74.0 39 0.00 1.0 27 0.0
2023 08 02 2000 69.0 42 0.00 3.0 331 0.0
2023 08 02 2100 71.0 37 0.00 3.0 323 0.0
2023 08 02 2200 67.0 42 0.00 3.0 359 0.0
2023 08 02 2300 63.0 49 0.00 5.0 4 0.0
