2023 08 13 0000 54.0 75 0.00 1.0 20 100.0
2023 08 13 0100 52.0 82 0.00 1.0 70 100.0
2023 08 13 0200 51.0 83 0.00 0.0 27 100.0
2023 08 13 0300 49.0 86 0.00 1.0 25 100.0
2023 08 13 0400 46.0 92 0.00 0.0 111 100.0
2023 08 13 0500 45.0 94 0.00 0.0 75 100.0
2023 08 13 0600 50.0 85 0.00 1.0 20 0.0
2023 08 13 0700 64.0 54 0.00 1.0 337 0.0
2023 08 13 0800 69.0 45 0.00 1.0 99 0.0
2023 08 13 0900 73.0 37 0.00 2.0 301 0.0
2023 08 13 1000 76.0 28 0.00 3.0 227 0.0
2023 08 13 1100 78.0 26 0.00 3.0 183 0.0
2023 08 13 1200 79.0 26 0.00 7.0 206 0.0
2023 08 13 1300 81.0 24 0.00 3.0 222 0.0
2023 08 13 1400 81.0 24 0.00 5.0 282 0.0
2023 08 13 1500 83.0 23 0.00 3.0 32 0.0
2023 08 13 1600 83.0 21 0.00 2.0 321 0.0
2023 08 13 1700 83.0 23 0.00 2.0 162 0.0
2023 08 13 1800 79.0 27 0.00 1.0 207 0.0
2023 08 13 1900 64.0 53 0.00 2.0 12 0.0
2023 08 13 2000 58.0 67 0.00 0.0 83 0.0
2023 08 13 2100 54.0 78 0.00 1.0 98 0.0
2023 08 13 2200 51.0 80 0.00 2.0 24 0.0
2023 08 13 2300 49.0 85 0.00 2.0 9 0.0
2023 08 14 0000 47.0 88 0.00 1.0 31 0.0
2023 08 14 0100 45.0 91 0.00 0.0 32 0.0
2023 08 14 0200 43.0 93 0.00 2.0 12 0.0
2023 08 14 0300 42.0 94 0.00 1.0 28 0.0
2023 08 14 0400 41.0 96 0.00 0.0 49 0.0
2023 08 14 0500 41.0 96 0.00 0.0 128 0.0
2023 08 14 0600 47.0 93 0.00 1.0 22 0.0
2023 08 14 0700 63.0 52 0.00 1.0 54 0.0
2023 08 14 0800 70.0 41 0.00 1.0 14 0.0
2023 08 14 0900 76.0 33 0.00 2.0 207 0.0
2023 08 14 1000 80.0 28 0.00 2.0 345 0.0
2023 08 14 1100 85.0 23 0.00 2.0 197 0.0
2023 08 14 1200 87.0 18 0.00 3.0 205 0.0
2023 08 14 1300 90.0 19 0.00 4.0 154 0.0
2023 08 14 1400 92.0 17 0.00 2.0 118 0.0
2023 08 14 1500 93.0 16 0.00 3.0 264 0.0
2023 08 14 1600 93.0 17 0.00 2.0 168 0.0
2023 08 14 1700 92.0 18 0.00 2.0 306 0.0
2023 08 14 1800 87.0 23 0.00 0.0 310 0.0
2023 08 14 1900 70.0 48 0.00 0.0 29 0.0
2023 08 14 2000 62.0 67 0.00 1.0 10 0.0
2023 08 14 2100 58.0 77 0.00 0.0 10 0.0
2023 08 14 2200 55.0 81 0.00 0.0 45 0.0
2023 08 14 2300 52.0 84 0.00 0.0 13 0.0
2023 08 15 0000 50.0 87 0.00 0.0 17 0.0
2023 08 15 0100 48.0 90 0.00 0.0 17 0.0
2023 08 15 0200 47.0 91 0.00 0.0 46 0.0
2023 08 15 0300 46.0 93 0.00 0.0 45 0.0
2023 08 15 0400 45.0 93 0.00 0.0 38 0.0
2023 08 15 0500 44.0 94 0.00 0.0 17 0.0
2023 08 15 0600 50.0 89 0.00 0.0 23 0.0
2023 08 15 0700 68.0 52 0.00 0.0 163 0.0
2023 08 15 0800 75.0 41 0.00 1.0 143 0.0
2023 08 15 0900 81.0 33 0.00 2.0 265 0.0
2023 08 15 1000 88.0 26 0.00 2.0 306 0.0
2023 08 15 1100 91.0 23 0.00 3.0 176 0.0
2023 08 15 1200 93.0 20 0.00 3.0 318 0.0
2023 08 15 1300 95.0 16 0.00 7.0 272 0.0
2023 08 15 1400 96.0 15 0.00 6.0 299 0.0
2023 08 15 1500 95.0 16 0.00 7.0 311 0.0
2023 08 15 1600 94.0 18 0.00 4.0 325 0.0
2023 08 15 1700 90.0 20 0.00 3.0 282 0.0
2023 08 15 1800 85.0 31 0.00 0.0 134 0.0
2023 08 15 1900 72.0 52 0.00 1.0 42 0.0
2023 08 15 2000 66.0 65 0.00 0.0 38 0.0
2023 08 15 2100 62.0 70 0.00 0.0 36 0.0
2023 08 15 2200 59.0 74 0.00 0.0 10 0.0
2023 08 15 2300 57.0 77 0.00 0.0 40 0.0
