2023 08 08 0000 55.0 92 0.00 0.0 19 0.0
2023 08 08 0100 53.0 95 0.00 0.0 76 0.0
2023 08 08 0200 52.0 97 0.00 2.0 351 0.0
2023 08 08 0300 50.0 98 0.00 0.0 89 0.0
2023 08 08 0400 48.0 99 0.00 0.0 26 0.0
2023 08 08 0500 47.0 100 0.00 0.0 92 0.0
2023 08 08 0600 52.0 96 0.00 0.0 131 0.0
2023 08 08 0700 63.0 72 0.00 0.0 244 0.0
2023 08 08 0800 68.0 60 0.00 2.0 172 0.0
2023 08 08 0900 72.0 50 0.00 2.0 178 0.0
2023 08 08 1000 75.0 43 0.00 2.0 330 0.0
2023 08 08 1100 78.0 39 0.00 4.0 174 0.0
2023 08 08 1200 73.0 51 0.00 5.0 226 0.0
2023 08 08 1300 75.0 37 0.00 1.0 248 0.0
2023 08 08 1400 81.0 36 0.00 4.0 247 0.0
2023 08 08 1500 78.0 36 0.00 3.0 253 0.0
2023 08 08 1600 77.0 39 0.00 6.0 311 0.0
2023 08 08 1700 72.0 49 0.00 4.0 300 0.0
2023 08 08 1800 70.0 55 0.00 1.0 274 0.0
2023 08 08 1900 64.0 73 0.00 0.0 229 0.0
2023 08 08 2000 58.0 87 0.00 2.0 9 0.0
2023 08 08 2100 56.0 90 0.00 1.0 12 0.0
2023 08 08 2200 54.0 94 0.00 0.0 20 0.0
2023 08 08 2300 51.0 97 0.00 0.0 48 0.0
2023 08 09 0000 49.0 98 0.00 0.0 7 0.0
2023 08 09 0100 48.0 98 0.00 0.0 7 0.0
2023 08 09 0200 46.0 99 0.00 1.0 9 0.0
2023 08 09 0300 45.0 99 0.00 0.0 62 0.0
2023 08 09 0400 45.0 100 0.00 0.0 68 0.0
2023 08 09 0500 44.0 100 0.00 0.0 24 0.0
2023 08 09 0600 50.0 100 0.00 0.0 19 0.0
2023 08 09 0700 63.0 72 0.00 0.0 193 0.0
2023 08 09 0800 70.0 58 0.00 2.0 205 0.0
2023 08 09 0900 75.0 46 0.00 1.0 80 0.0
2023 08 09 1000 77.0 39 0.00 4.0 262 0.0
2023 08 09 1100 75.0 35 0.00 6.0 290 0.0
2023 08 09 1200 78.0 28 0.00 4.0 271 0.0
2023 08 09 1300 79.0 29 0.00 7.0 294 0.0
2023 08 09 1400 76.0 34 0.00 6.0 287 0.0
2023 08 09 1500 73.0 37 0.00 5.0 266 0.0
2023 08 09 1600 61.0 79 0.00 1.0 198 0.0
2023 08 09 1700 58.0 96 0.00 2.0 202 0.0
2023 08 09 1800 60.0 85 0.00 1.0 191 25.0
2023 08 09 1900 57.0 97 0.00 1.0 25 25.0
2023 08 09 2000 54.0 99 0.00 0.0 33 25.0
2023 08 09 2100 51.0 100 0.00 0.0 91 25.0
2023 08 09 2200 49.0 100 0.00 0.0 109 25.0
2023 08 09 2300 47.0 100 0.00 1.0 22 25.0
2023 08 10 0000 48.0 100 0.00 1.0 45 100.0
2023 08 10 0100 47.0 100 0.00 0.0 83 100.0
2023 08 10 0200 47.0 100 0.00 2.0 339 100.0
2023 08 10 0300 47.0 100 0.00 0.0 45 100.0
2023 08 10 0400 48.0 100 0.00 2.0 76 100.0
2023 08 10 0500 47.0 100 0.00 1.0 72 100.0
2023 08 10 0600 49.0 100 0.00 1.0 92 25.0
2023 08 10 0700 54.0 99 0.00 1.0 117 25.0
2023 08 10 0800 62.0 85 0.00 2.0 59 25.0
2023 08 10 0900 68.0 45 0.00 7.0 276 25.0
2023 08 10 1000 69.0 42 0.00 7.0 293 25.0
2023 08 10 1100 70.0 38 0.00 7.0 283 25.0
2023 08 10 1200 72.0 36 0.00 6.0 287 25.0
2023 08 10 1300 72.0 33 0.00 7.0 268 25.0
2023 08 10 1400 74.0 32 0.00 8.0 257 25.0
2023 08 10 1500 73.0 32 0.00 7.0 280 25.0
2023 08 10 1600 73.0 33 0.00 7.0 298 25.0
2023 08 10 1700 73.0 32 0.00 6.0 284 25.0
2023 08 10 1800 71.0 34 0.00 4.0 274 75.0
2023 08 10 1900 63.0 48 0.00 2.0 9 75.0
2023 08 10 2000 55.0 71 0.00 0.0 68 75.0
2023 08 10 2100 50.0 84 0.00 0.0 27 75.0
2023 08 10 2200 48.0 89 0.00 1.0 39 75.0
2023 08 10 2300 45.0 92 0.00 2.0 16 75.0
