2023 08 01 0000 51.0 71 0.00 0.0 40 0.0
2023 08 01 0100 49.0 75 0.00 0.0 38 0.0
2023 08 01 0200 46.0 80 0.00 0.0 20 0.0
2023 08 01 0300 44.0 84 0.00 0.0 57 0.0
2023 08 01 0400 42.0 85 0.00 0.0 70 0.0
2023 08 01 0500 42.0 87 0.00 0.0 24 0.0
2023 08 01 0600 51.0 72 0.00 0.0 28 0.0
2023 08 01 0700 66.0 44 0.00 0.0 73 0.0
2023 08 01 0800 76.0 32 0.00 1.0 166 0.0
2023 08 01 0900 83.0 19 0.00 1.0 164 0.0
2023 08 01 1000 86.0 15 0.00 3.0 251 0.0
2023 08 01 1100 87.0 15 0.00 3.0 88 0.0
2023 08 01 1200 89.0 14 0.00 5.0 194 0.0
2023 08 01 1300 89.0 13 0.00 9.0 321 0.0
2023 08 01 1400 90.0 12 0.00 6.0 314 0.0
2023 08 01 1500 90.0 13 0.00 6.0 330 0.0
2023 08 01 1600 90.0 14 0.00 3.0 317 0.0
2023 08 01 1700 88.0 15 0.00 4.0 338 0.0
2023 08 01 1800 82.0 21 0.00 0.0 0 0.0
2023 08 01 1900 70.0 37 0.00 1.0 6 0.0
2023 08 01 2000 62.0 56 0.00 1.0 36 0.0
2023 08 01 2100 57.0 62 0.00 1.0 44 0.0
2023 08 01 2200 53.0 67 0.00 1.0 17 0.0
2023 08 01 2300 51.0 72 0.00 0.0 80 0.0
2023 08 02 0000 48.0 74 0.00 0.0 24 0.0
2023 08 02 0100 47.0 77 0.00 1.0 47 0.0
2023 08 02 0200 46.0 76 0.00 0.0 4 0.0
2023 08 02 0300 44.0 83 0.00 0.0 55 0.0
2023 08 02 0400 43.0 85 0.00 0.0 32 0.0
2023 08 02 0500 43.0 86 0.00 0.0 50 0.0
2023 08 02 0600 51.0 72 0.00 0.0 41 0.0
2023 08 02 0700 66.0 44 0.00 0.0 186 0.0
2023 08 02 0800 74.0 32 0.00 1.0 165 0.0
2023 08 02 0900 82.0 24 0.00 1.0 104 0.0
2023 08 02 1000 88.0 19 0.00 1.0 49 0.0
2023 08 02 1100 91.0 14 0.00 2.0 314 0.0
2023 08 02 1200 92.0 13 0.00 5.0 216 0.0
2023 08 02 1300 94.0 12 0.00 5.0 177 0.0
2023 08 02 1400 96.0 10 0.00 2.0 253 0.0
2023 08 02 1500 94.0 11 0.00 4.0 193 0.0
2023 08 02 1600 94.0 11 0.00 4.0 293 0.0
2023 08 02 1700 88.0 14 0.00 1.0 296 0.0
2023 08 02 1800 81.0 28 0.00 0.0 37 0.0
2023 08 02 1900 74.0 39 0.00 1.0 27 0.0
2023 08 02 2000 69.0 42 0.00 3.0 331 0.0
2023 08 02 2100 71.0 37 0.00 3.0 323 0.0
2023 08 02 2200 67.0 42 0.00 3.0 359 0.0
2023 08 02 2300 63.0 49 0.00 5.0 4 0.0
2023 08 03 0000 60.0 54 0.00 0.0 44 0.0
2023 08 03 0100 54.0 67 0.00 1.0 5 0.0
2023 08 03 0200 51.0 73 0.00 2.0 16 0.0
2023 08 03 0300 48.0 80 0.00 1.0 13 0.0
2023 08 03 0400 46.0 83 0.00 0.0 31 0.0
2023 08 03 0500 47.0 82 0.00 3.0 8 0.0
2023 08 03 0600 55.0 71 0.00 0.0 293 0.0
2023 08 03 0700 69.0 45 0.00 1.0 191 0.0
2023 08 03 0800 76.0 37 0.00 2.0 191 0.0
2023 08 03 0900 80.0 27 0.00 3.0 200 0.0
2023 08 03 1000 85.0 22 0.00 4.0 215 0.0
2023 08 03 1100 89.0 15 0.00 7.0 303 0.0
2023 08 03 1200 89.0 15 0.00 9.0 296 0.0
2023 08 03 1300 89.0 15 0.00 7.0 258 0.0
2023 08 03 1400 91.0 13 0.00 7.0 231 0.0
2023 08 03 1500 89.0 16 0.00 4.0 189 0.0
2023 08 03 1600 88.0 17 0.00 5.0 152 0.0
2023 08 03 1700 85.0 20 0.00 5.0 147 0.0
2023 08 03 1800 83.0 22 0.00 2.0 143 0.0
2023 08 03 1900 75.0 28 0.00 0.0 186 0.0
2023 08 03 2000 65.0 41 0.00 1.0 17 0.0
2023 08 03 2100 62.0 48 0.00 2.0 2 0.0
2023 08 03 2200 62.0 47 0.00 2.0 316 0.0
2023 08 03 2300 57.0 58 0.00 0.0 2 0.0
