2023 08 20 0000 62.0 53 0.00 3.0 233 0.0
2023 08 20 0100 59.0 61 0.00 1.0 230 0.0
2023 08 20 0200 59.0 60 0.00 2.0 285 0.0
2023 08 20 0300 55.0 67 0.00 2.0 313 0.0
2023 08 20 0400 53.0 72 0.00 1.0 18 0.0
2023 08 20 0500 52.0 78 0.00 1.0 359 0.0
2023 08 20 0600 55.0 75 0.00 0.0 1 0.0
2023 08 20 0700 61.0 62 0.00 0.0 3 0.0
2023 08 20 0800 64.0 57 0.00 2.0 293 0.0
2023 08 20 0900 69.0 53 0.00 2.0 226 0.0
2023 08 20 1000 71.0 51 0.00 4.0 162 0.0
2023 08 20 1100 71.0 51 0.00 6.0 139 0.0
2023 08 20 1200 69.0 59 0.00 4.0 121 25.0
2023 08 20 1300 69.0 60 0.00 2.0 332 25.0
2023 08 20 1400 66.0 71 0.00 2.0 50 25.0
2023 08 20 1500 67.0 63 0.00 2.0 84 25.0
2023 08 20 1600 67.0 60 0.00 4.0 154 25.0
2023 08 20 1700 64.0 71 0.00 2.0 262 25.0
2023 08 20 1800 62.0 79 0.00 1.0 340 0.0
2023 08 20 1900 60.0 85 0.00 0.0 352 0.0
2023 08 20 2000 58.0 89 0.00 0.0 344 0.0
2023 08 20 2100 58.0 91 0.00 0.0 353 0.0
2023 08 20 2200 57.0 92 0.00 0.0 102 0.0
2023 08 20 2300 57.0 93 0.00 0.0 266 0.0
2023 08 21 0000 56.0 97 0.00 0.0 261 0.0
2023 08 21 0100 56.0 99 0.00 0.0 281 0.0
2023 08 21 0200 55.0 99 0.00 0.0 273 0.0
2023 08 21 0300 55.0 100 0.00 0.0 273 0.0
2023 08 21 0400 55.0 100 0.00 0.0 274 0.0
2023 08 21 0500 55.0 100 0.00 1.0 65 0.0
2023 08 21 0600 57.0 99 0.00 4.0 191 100.0
2023 08 21 0700 59.0 98 0.00 0.0 27 100.0
2023 08 21 0800 59.0 97 0.00 1.0 93 100.0
2023 08 21 0900 61.0 92 0.00 1.0 33 100.0
2023 08 21 1000 63.0 87 0.00 4.0 268 100.0
2023 08 21 1100 62.0 96 0.00 1.0 103 100.0
2023 08 21 1200 63.0 94 0.00 0.0 81 100.0
2023 08 21 1300 62.0 93 0.00 2.0 300 100.0
2023 08 21 1400 62.0 95 0.00 1.0 169 100.0
2023 08 21 1500 62.0 97 0.00 1.0 225 100.0
2023 08 21 1600 63.0 94 0.00 0.0 136 100.0
2023 08 21 1700 63.0 96 0.00 1.0 167 100.0
2023 08 21 1800 62.0 99 0.00 0.0 275 100.0
2023 08 21 1900 61.0 100 0.00 1.0 242 100.0
2023 08 21 2000 60.0 100 0.00 0.0 35 100.0
2023 08 21 2100 60.0 100 0.00 0.0 105 100.0
2023 08 21 2200 60.0 100 0.00 0.0 241 100.0
2023 08 21 2300 60.0 100 0.00 1.0 38 100.0
2023 08 22 0000 60.0 100 0.00 2.0 259 75.0
2023 08 22 0100 60.0 100 0.00 1.0 176 75.0
2023 08 22 0200 59.0 100 0.00 0.0 94 75.0
2023 08 22 0300 59.0 100 0.00 2.0 11 75.0
2023 08 22 0400 59.0 100 0.00 1.0 46 75.0
2023 08 22 0500 59.0 100 0.00 0.0 244 75.0
2023 08 22 0600 60.0 100 0.00 0.0 328 100.0
2023 08 22 0700 61.0 100 0.00 1.0 175 100.0
2023 08 22 0800 63.0 100 0.00 0.0 60 100.0
2023 08 22 0900 65.0 90 0.00 0.0 203 100.0
2023 08 22 1000 70.0 81 0.00 2.0 202 100.0
2023 08 22 1100 78.0 52 0.00 3.0 154 100.0
2023 08 22 1200 81.0 43 0.00 4.0 202 75.0
2023 08 22 1300 77.0 46 0.00 2.0 329 75.0
2023 08 22 1400 79.0 39 0.00 1.0 145 75.0
2023 08 22 1500 77.0 44 0.00 1.0 5 75.0
2023 08 22 1600 72.0 49 0.00 9.0 298 75.0
2023 08 22 1700 69.0 52 0.00 3.0 33 75.0
2023 08 22 1800 63.0 77 0.00 3.0 19 75.0
2023 08 22 1900 61.0 76 0.00 4.0 169 75.0
2023 08 22 2000 59.0 84 0.00 1.0 28 75.0
2023 08 22 2100 57.0 89 0.00 2.0 30 75.0
2023 08 22 2200 54.0 95 0.00 0.0 130 75.0
2023 08 22 2300 54.0 94 0.00 2.0 47 75.0
