2023 07 29 0000 52.0 81 0.00 1.0 42 0.0
2023 07 29 0100 49.0 86 0.00 1.0 75 0.0
2023 07 29 0200 48.0 88 0.00 1.0 41 0.0
2023 07 29 0300 46.0 90 0.00 0.0 20 0.0
2023 07 29 0400 45.0 92 0.00 0.0 15 0.0
2023 07 29 0500 45.0 93 0.00 0.0 358 0.0
2023 07 29 0600 57.0 76 0.00 0.0 26 0.0
2023 07 29 0700 68.0 53 0.00 1.0 353 0.0
2023 07 29 0800 73.0 45 0.00 1.0 344 0.0
2023 07 29 0900 80.0 36 0.00 2.0 195 0.0
2023 07 29 1000 82.0 33 0.00 7.0 191 0.0
2023 07 29 1100 86.0 27 0.00 7.0 208 0.0
2023 07 29 1200 91.0 16 0.00 4.0 131 0.0
2023 07 29 1300 89.0 18 0.00 3.0 177 0.0
2023 07 29 1400 91.0 18 0.00 4.0 207 0.0
2023 07 29 1500 88.0 21 0.00 5.0 334 0.0
2023 07 29 1600 89.0 19 0.00 1.0 254 0.0
2023 07 29 1700 86.0 18 0.00 1.0 295 0.0
2023 07 29 1800 82.0 30 0.00 3.0 105 0.0
2023 07 29 1900 76.0 43 0.00 0.0 316 0.0
2023 07 29 2000 68.0 57 0.00 1.0 61 0.0
2023 07 29 2100 62.0 67 0.00 0.0 16 0.0
2023 07 29 2200 57.0 72 0.00 1.0 10 0.0
2023 07 29 2300 53.0 78 0.00 1.0 15 0.0
2023 07 30 0000 50.0 81 0.00 1.0 49 0.0
2023 07 30 0100 48.0 77 0.00 2.0 17 0.0
2023 07 30 0200 46.0 84 0.00 0.0 67 0.0
2023 07 30 0300 46.0 83 0.00 0.0 46 0.0
2023 07 30 0400 45.0 87 0.00 3.0 6 0.0
2023 07 30 0500 45.0 87 0.00 1.0 16 0.0
2023 07 30 0600 53.0 75 0.00 2.0 93 0.0
2023 07 30 0700 65.0 49 0.00 0.0 209 0.0
2023 07 30 0800 72.0 41 0.00 2.0 288 0.0
2023 07 30 0900 81.0 27 0.00 2.0 174 0.0
2023 07 30 1000 87.0 23 0.00 3.0 169 0.0
2023 07 30 1100 91.0 17 0.00 4.0 166 0.0
2023 07 30 1200 93.0 15 0.00 4.0 157 0.0
2023 07 30 1300 94.0 13 0.00 6.0 260 0.0
2023 07 30 1400 95.0 12 0.00 8.0 306 0.0
2023 07 30 1500 93.0 12 0.00 6.0 267 0.0
2023 07 30 1600 90.0 12 0.00 9.0 316 0.0
2023 07 30 1700 88.0 8 0.00 8.0 303 0.0
2023 07 30 1800 84.0 10 0.00 1.0 318 0.0
2023 07 30 1900 70.0 24 0.00 2.0 37 0.0
2023 07 30 2000 60.0 40 0.00 0.0 33 0.0
2023 07 30 2100 56.0 49 0.00 3.0 37 0.0
2023 07 30 2200 53.0 57 0.00 0.0 96 0.0
2023 07 30 2300 51.0 60 0.00 1.0 29 0.0
2023 07 31 0000 50.0 64 0.00 1.0 26 0.0
2023 07 31 0100 48.0 71 0.00 0.0 68 0.0
2023 07 31 0200 46.0 78 0.00 0.0 46 0.0
2023 07 31 0300 44.0 81 0.00 1.0 15 0.0
2023 07 31 0400 43.0 85 0.00 1.0 15 0.0
2023 07 31 0500 43.0 87 0.00 0.0 153 0.0
2023 07 31 0600 51.0 74 0.00 1.0 54 0.0
2023 07 31 0700 64.0 46 0.00 0.0 206 0.0
2023 07 31 0800 72.0 35 0.00 1.0 30 0.0
2023 07 31 0900 79.0 28 0.00 2.0 201 0.0
2023 07 31 1000 84.0 23 0.00 5.0 336 0.0
2023 07 31 1100 89.0 17 0.00 2.0 194 0.0
2023 07 31 1200 91.0 13 0.00 4.0 119 0.0
2023 07 31 1300 93.0 13 0.00 4.0 139 0.0
2023 07 31 1400 94.0 11 0.00 6.0 213 0.0
2023 07 31 1500 93.0 12 0.00 7.0 311 0.0
2023 07 31 1600 92.0 14 0.00 6.0 322 0.0
2023 07 31 1700 89.0 15 0.00 7.0 312 0.0
2023 07 31 1800 87.0 18 0.00 5.0 319 0.0
2023 07 31 1900 79.0 23 0.00 0.0 258 0.0
2023 07 31 2000 66.0 43 0.00 0.0 344 0.0
2023 07 31 2100 60.0 55 0.00 0.0 85 0.0
2023 07 31 2200 56.0 63 0.00 1.0 47 0.0
2023 07 31 2300 53.0 66 0.00 1.0 14 0.0
