2023 08 02 0000 48.0 74 0.00 0.0 24 0.0
2023 08 02 0100 47.0 77 0.00 1.0 47 0.0
2023 08 02 0200 46.0 76 0.00 0.0 4 0.0
2023 08 02 0300 44.0 83 0.00 0.0 55 0.0
2023 08 02 0400 43.0 85 0.00 0.0 32 0.0
2023 08 02 0500 43.0 86 0.00 0.0 50 0.0
2023 08 02 0600 51.0 72 0.00 0.0 41 0.0
2023 08 02 0700 66.0 44 0.00 0.0 186 0.0
2023 08 02 0800 74.0 32 0.00 1.0 165 0.0
2023 08 02 0900 82.0 24 0.00 1.0 104 0.0
2023 08 02 1000 88.0 19 0.00 1.0 49 0.0
2023 08 02 1100 91.0 14 0.00 2.0 314 0.0
2023 08 02 1200 92.0 13 0.00 5.0 216 0.0
2023 08 02 1300 94.0 12 0.00 5.0 177 0.0
2023 08 02 1400 96.0 10 0.00 2.0 253 0.0
2023 08 02 1500 94.0 11 0.00 4.0 193 0.0
2023 08 02 1600 94.0 11 0.00 4.0 293 0.0
2023 08 02 1700 88.0 14 0.00 1.0 296 0.0
2023 08 02 1800 81.0 28 0.00 0.0 37 0.0
2023 08 02 1900 74.0 39 0.00 1.0 27 0.0
2023 08 02 2000 69.0 42 0.00 3.0 331 0.0
2023 08 02 2100 71.0 37 0.00 3.0 323 0.0
2023 08 02 2200 67.0 42 0.00 3.0 359 0.0
2023 08 02 2300 63.0 49 0.00 5.0 4 0.0
2023 08 03 0000 60.0 54 0.00 0.0 44 0.0
2023 08 03 0100 54.0 67 0.00 1.0 5 0.0
2023 08 03 0200 51.0 73 0.00 2.0 16 0.0
2023 08 03 0300 48.0 80 0.00 1.0 13 0.0
2023 08 03 0400 46.0 83 0.00 0.0 31 0.0
2023 08 03 0500 47.0 82 0.00 3.0 8 0.0
2023 08 03 0600 55.0 71 0.00 0.0 293 0.0
2023 08 03 0700 69.0 45 0.00 1.0 191 0.0
2023 08 03 0800 76.0 37 0.00 2.0 191 0.0
2023 08 03 0900 80.0 27 0.00 3.0 200 0.0
2023 08 03 1000 85.0 22 0.00 4.0 215 0.0
2023 08 03 1100 89.0 15 0.00 7.0 303 0.0
2023 08 03 1200 89.0 15 0.00 9.0 296 0.0
2023 08 03 1300 89.0 15 0.00 7.0 258 0.0
2023 08 03 1400 91.0 13 0.00 7.0 231 0.0
2023 08 03 1500 89.0 16 0.00 4.0 189 0.0
2023 08 03 1600 88.0 17 0.00 5.0 152 0.0
2023 08 03 1700 85.0 20 0.00 5.0 147 0.0
2023 08 03 1800 83.0 22 0.00 2.0 143 0.0
2023 08 03 1900 75.0 28 0.00 0.0 186 0.0
2023 08 03 2000 65.0 41 0.00 1.0 17 0.0
2023 08 03 2100 62.0 48 0.00 2.0 2 0.0
2023 08 03 2200 62.0 47 0.00 2.0 316 0.0
2023 08 03 2300 57.0 58 0.00 0.0 2 0.0
2023 08 04 0000 53.0 64 0.00 0.0 39 0.0
2023 08 04 0100 51.0 71 0.00 3.0 8 0.0
2023 08 04 0200 52.0 70 0.00 1.0 46 0.0
2023 08 04 0300 50.0 74 0.00 1.0 2 0.0
2023 08 04 0400 48.0 79 0.00 0.0 28 0.0
2023 08 04 0500 51.0 76 0.00 0.0 70 0.0
2023 08 04 0600 53.0 74 0.00 0.0 76 0.0
2023 08 04 0700 56.0 70 0.00 0.0 306 0.0
2023 08 04 0800 64.0 52 0.00 1.0 257 0.0
2023 08 04 0900 68.0 52 0.00 1.0 184 0.0
2023 08 04 1000 69.0 46 0.00 3.0 316 0.0
2023 08 04 1100 71.0 45 0.00 0.0 270 0.0
2023 08 04 1200 71.0 47 0.00 1.0 261 0.0
2023 08 04 1300 73.0 45 0.00 0.0 169 0.0
2023 08 04 1400 74.0 41 0.00 6.0 189 0.0
2023 08 04 1500 76.0 41 0.00 4.0 140 0.0
2023 08 04 1600 76.0 43 0.00 4.0 193 0.0
2023 08 04 1700 76.0 41 0.00 2.0 180 0.0
2023 08 04 1800 74.0 46 0.00 0.0 118 0.0
2023 08 04 1900 67.0 61 0.00 1.0 35 0.0
2023 08 04 2000 63.0 70 0.00 0.0 179 0.0
2023 08 04 2100 61.0 77 0.00 0.0 92 0.0
2023 08 04 2200 59.0 79 0.00 1.0 55 0.0
2023 08 04 2300 57.0 82 0.00 3.0 15 0.0
