2023 08 03 0000 60.0 54 0.00 0.0 44 0.0
2023 08 03 0100 54.0 67 0.00 1.0 5 0.0
2023 08 03 0200 51.0 73 0.00 2.0 16 0.0
2023 08 03 0300 48.0 80 0.00 1.0 13 0.0
2023 08 03 0400 46.0 83 0.00 0.0 31 0.0
2023 08 03 0500 47.0 82 0.00 3.0 8 0.0
2023 08 03 0600 55.0 71 0.00 0.0 293 0.0
2023 08 03 0700 69.0 45 0.00 1.0 191 0.0
2023 08 03 0800 76.0 37 0.00 2.0 191 0.0
2023 08 03 0900 80.0 27 0.00 3.0 200 0.0
2023 08 03 1000 85.0 22 0.00 4.0 215 0.0
2023 08 03 1100 89.0 15 0.00 7.0 303 0.0
2023 08 03 1200 89.0 15 0.00 9.0 296 0.0
2023 08 03 1300 89.0 15 0.00 7.0 258 0.0
2023 08 03 1400 91.0 13 0.00 7.0 231 0.0
2023 08 03 1500 89.0 16 0.00 4.0 189 0.0
2023 08 03 1600 88.0 17 0.00 5.0 152 0.0
2023 08 03 1700 85.0 20 0.00 5.0 147 0.0
2023 08 03 1800 83.0 22 0.00 2.0 143 0.0
2023 08 03 1900 75.0 28 0.00 0.0 186 0.0
2023 08 03 2000 65.0 41 0.00 1.0 17 0.0
2023 08 03 2100 62.0 48 0.00 2.0 2 0.0
2023 08 03 2200 62.0 47 0.00 2.0 316 0.0
2023 08 03 2300 57.0 58 0.00 0.0 2 0.0
2023 08 04 0000 53.0 64 0.00 0.0 39 0.0
2023 08 04 0100 51.0 71 0.00 3.0 8 0.0
2023 08 04 0200 52.0 70 0.00 1.0 46 0.0
2023 08 04 0300 50.0 74 0.00 1.0 2 0.0
2023 08 04 0400 48.0 79 0.00 0.0 28 0.0
2023 08 04 0500 51.0 76 0.00 0.0 70 0.0
2023 08 04 0600 53.0 74 0.00 0.0 76 0.0
2023 08 04 0700 56.0 70 0.00 0.0 306 0.0
2023 08 04 0800 64.0 52 0.00 1.0 257 0.0
2023 08 04 0900 68.0 52 0.00 1.0 184 0.0
2023 08 04 1000 69.0 46 0.00 3.0 316 0.0
2023 08 04 1100 71.0 45 0.00 0.0 270 0.0
2023 08 04 1200 71.0 47 0.00 1.0 261 0.0
2023 08 04 1300 73.0 45 0.00 0.0 169 0.0
2023 08 04 1400 74.0 41 0.00 6.0 189 0.0
2023 08 04 1500 76.0 41 0.00 4.0 140 0.0
2023 08 04 1600 76.0 43 0.00 4.0 193 0.0
2023 08 04 1700 76.0 41 0.00 2.0 180 0.0
2023 08 04 1800 74.0 46 0.00 0.0 118 0.0
2023 08 04 1900 67.0 61 0.00 1.0 35 0.0
2023 08 04 2000 63.0 70 0.00 0.0 179 0.0
2023 08 04 2100 61.0 77 0.00 0.0 92 0.0
2023 08 04 2200 59.0 79 0.00 1.0 55 0.0
2023 08 04 2300 57.0 82 0.00 3.0 15 0.0
2023 08 05 0000 62.0 68 0.00 4.0 279 0.0
2023 08 05 0100 61.0 67 0.00 1.0 356 0.0
2023 08 05 0200 59.0 73 0.00 0.0 241 0.0
2023 08 05 0300 58.0 74 0.00 0.0 27 0.0
2023 08 05 0400 56.0 79 0.00 0.0 5 0.0
2023 08 05 0500 57.0 80 0.00 0.0 6 0.0
2023 08 05 0600 61.0 71 0.00 2.0 259 0.0
2023 08 05 0700 58.0 92 0.00 0.0 216 0.0
2023 08 05 0800 58.0 93 0.00 0.0 333 0.0
2023 08 05 0900 59.0 94 0.00 0.0 83 0.0
2023 08 05 1000 61.0 87 0.00 0.0 132 0.0
2023 08 05 1100 62.0 83 0.00 2.0 334 0.0
2023 08 05 1200 63.0 84 0.00 1.0 13 0.0
2023 08 05 1300 62.0 89 0.00 2.0 304 0.0
2023 08 05 1400 61.0 94 0.00 2.0 218 0.0
2023 08 05 1500 61.0 93 0.00 1.0 7 0.0
2023 08 05 1600 62.0 93 0.00 0.0 149 0.0
2023 08 05 1700 61.0 96 0.00 0.0 105 0.0
2023 08 05 1800 60.0 98 0.00 0.0 196 100.0
2023 08 05 1900 60.0 99 0.00 0.0 196 100.0
2023 08 05 2000 59.0 100 0.00 0.0 122 100.0
2023 08 05 2100 58.0 100 0.00 0.0 40 100.0
2023 08 05 2200 57.0 100 0.00 0.0 0 100.0
2023 08 05 2300 57.0 100 0.00 0.0 0 100.0
