2023 08 10 0000 48.0 100 0.00 1.0 45 100.0
2023 08 10 0100 47.0 100 0.00 0.0 83 100.0
2023 08 10 0200 47.0 100 0.00 2.0 339 100.0
2023 08 10 0300 47.0 100 0.00 0.0 45 100.0
2023 08 10 0400 48.0 100 0.00 2.0 76 100.0
2023 08 10 0500 47.0 100 0.00 1.0 72 100.0
2023 08 10 0600 49.0 100 0.00 1.0 92 25.0
2023 08 10 0700 54.0 99 0.00 1.0 117 25.0
2023 08 10 0800 62.0 85 0.00 2.0 59 25.0
2023 08 10 0900 68.0 45 0.00 7.0 276 25.0
2023 08 10 1000 69.0 42 0.00 7.0 293 25.0
2023 08 10 1100 70.0 38 0.00 7.0 283 25.0
2023 08 10 1200 72.0 36 0.00 6.0 287 25.0
2023 08 10 1300 72.0 33 0.00 7.0 268 25.0
2023 08 10 1400 74.0 32 0.00 8.0 257 25.0
2023 08 10 1500 73.0 32 0.00 7.0 280 25.0
2023 08 10 1600 73.0 33 0.00 7.0 298 25.0
2023 08 10 1700 73.0 32 0.00 6.0 284 25.0
2023 08 10 1800 71.0 34 0.00 4.0 274 75.0
2023 08 10 1900 63.0 48 0.00 2.0 9 75.0
2023 08 10 2000 55.0 71 0.00 0.0 68 75.0
2023 08 10 2100 50.0 84 0.00 0.0 27 75.0
2023 08 10 2200 48.0 89 0.00 1.0 39 75.0
2023 08 10 2300 45.0 92 0.00 2.0 16 75.0
2023 08 11 0000 44.0 95 0.00 0.0 55 0.0
2023 08 11 0100 42.0 96 0.00 0.0 33 0.0
2023 08 11 0200 41.0 97 0.00 1.0 14 0.0
2023 08 11 0300 40.0 98 0.00 0.0 63 0.0
2023 08 11 0400 39.0 99 0.00 0.0 35 0.0
2023 08 11 0500 38.0 99 0.00 0.0 353 0.0
2023 08 11 0600 44.0 99 0.00 0.0 143 0.0
2023 08 11 0700 59.0 66 0.00 1.0 296 0.0
2023 08 11 0800 67.0 53 0.00 1.0 184 0.0
2023 08 11 0900 72.0 39 0.00 2.0 12 0.0
2023 08 11 1000 74.0 33 0.00 3.0 226 0.0
2023 08 11 1100 76.0 31 0.00 2.0 95 0.0
2023 08 11 1200 79.0 24 0.00 3.0 269 0.0
2023 08 11 1300 80.0 19 0.00 7.0 294 0.0
2023 08 11 1400 80.0 20 0.00 5.0 334 0.0
2023 08 11 1500 81.0 20 0.00 7.0 321 0.0
2023 08 11 1600 81.0 20 0.00 7.0 329 0.0
2023 08 11 1700 80.0 22 0.00 6.0 290 0.0
2023 08 11 1800 77.0 27 0.00 2.0 331 0.0
2023 08 11 1900 64.0 49 0.00 0.0 28 0.0
2023 08 11 2000 57.0 64 0.00 0.0 40 0.0
2023 08 11 2100 52.0 78 0.00 0.0 58 0.0
2023 08 11 2200 49.0 83 0.00 1.0 49 0.0
2023 08 11 2300 47.0 85 0.00 0.0 34 0.0
2023 08 12 0000 45.0 91 0.00 1.0 25 0.0
2023 08 12 0100 44.0 91 0.00 1.0 19 0.0
2023 08 12 0200 43.0 94 0.00 0.0 69 0.0
2023 08 12 0300 44.0 93 0.00 1.0 114 0.0
2023 08 12 0400 45.0 92 0.00 0.0 347 0.0
2023 08 12 0500 46.0 93 0.00 1.0 348 0.0
2023 08 12 0600 49.0 90 0.00 0.0 68 0.0
2023 08 12 0700 55.0 77 0.00 0.0 359 0.0
2023 08 12 0800 68.0 50 0.00 2.0 180 0.0
2023 08 12 0900 72.0 41 0.00 3.0 284 0.0
2023 08 12 1000 75.0 32 0.00 4.0 279 0.0
2023 08 12 1100 77.0 30 0.00 4.0 247 0.0
2023 08 12 1200 79.0 28 0.00 4.0 247 0.0
2023 08 12 1300 78.0 27 0.00 4.0 229 0.0
2023 08 12 1400 77.0 26 0.00 6.0 340 0.0
2023 08 12 1500 79.0 25 0.00 3.0 15 0.0
2023 08 12 1600 81.0 23 0.00 5.0 261 0.0
2023 08 12 1700 76.0 29 0.00 4.0 349 0.0
2023 08 12 1800 74.0 36 0.00 0.0 341 0.0
2023 08 12 1900 66.0 56 0.00 0.0 344 0.0
2023 08 12 2000 61.0 70 0.00 0.0 24 0.0
2023 08 12 2100 60.0 70 0.00 1.0 2 0.0
2023 08 12 2200 59.0 68 0.00 1.0 32 0.0
2023 08 12 2300 56.0 77 0.00 2.0 18 0.0
