2023 08 16 0000 55.0 79 0.00 1.0 2 0.0
2023 08 16 0100 52.0 86 0.00 0.0 151 0.0
2023 08 16 0200 51.0 87 0.00 2.0 14 0.0
2023 08 16 0300 50.0 88 0.00 1.0 54 0.0
2023 08 16 0400 49.0 90 0.00 1.0 55 0.0
2023 08 16 0500 49.0 91 0.00 0.0 48 0.0
2023 08 16 0600 54.0 86 0.00 0.0 46 0.0
2023 08 16 0700 63.0 69 0.00 0.0 185 0.0
2023 08 16 0800 67.0 61 0.00 0.0 112 0.0
2023 08 16 0900 77.0 46 0.00 0.0 152 0.0
2023 08 16 1000 85.0 32 0.00 3.0 202 0.0
2023 08 16 1100 89.0 24 0.00 4.0 316 0.0
2023 08 16 1200 88.0 23 0.00 6.0 267 0.0
2023 08 16 1300 90.0 21 0.00 5.0 239 0.0
2023 08 16 1400 91.0 19 0.00 5.0 282 0.0
2023 08 16 1500 90.0 20 0.00 4.0 258 0.0
2023 08 16 1600 90.0 21 0.00 4.0 227 0.0
2023 08 16 1700 89.0 23 0.00 2.0 214 0.0
2023 08 16 1800 83.0 28 0.00 1.0 222 0.0
2023 08 16 1900 70.0 56 0.00 0.0 48 0.0
2023 08 16 2000 64.0 70 0.00 0.0 120 0.0
2023 08 16 2100 60.0 77 0.00 2.0 91 0.0
2023 08 16 2200 57.0 80 0.00 0.0 133 0.0
2023 08 16 2300 55.0 82 0.00 2.0 25 0.0
2023 08 17 0000 53.0 85 0.00 1.0 57 50.0
2023 08 17 0100 52.0 88 0.00 0.0 159 50.0
2023 08 17 0200 50.0 90 0.00 0.0 352 50.0
2023 08 17 0300 48.0 94 0.00 0.0 225 50.0
2023 08 17 0400 47.0 95 0.00 1.0 14 50.0
2023 08 17 0500 47.0 95 0.00 1.0 25 50.0
2023 08 17 0600 51.0 91 0.00 0.0 18 0.0
2023 08 17 0700 65.0 61 0.00 0.0 42 0.0
2023 08 17 0800 74.0 49 0.00 0.0 223 0.0
2023 08 17 0900 81.0 39 0.00 1.0 261 0.0
2023 08 17 1000 88.0 30 0.00 3.0 166 0.0
2023 08 17 1100 91.0 21 0.00 3.0 241 0.0
2023 08 17 1200 93.0 18 0.00 5.0 203 0.0
2023 08 17 1300 96.0 11 0.00 6.0 265 0.0
2023 08 17 1400 95.0 13 0.00 5.0 317 0.0
2023 08 17 1500 92.0 15 0.00 3.0 311 0.0
2023 08 17 1600 92.0 16 0.00 1.0 256 0.0
2023 08 17 1700 91.0 15 0.00 2.0 229 0.0
2023 08 17 1800 87.0 16 0.00 1.0 239 0.0
2023 08 17 1900 71.0 38 0.00 0.0 11 0.0
2023 08 17 2000 64.0 50 0.00 1.0 15 0.0
2023 08 17 2100 61.0 56 0.00 0.0 37 0.0
2023 08 17 2200 58.0 65 0.00 1.0 27 0.0
2023 08 17 2300 58.0 66 0.00 1.0 57 0.0
2023 08 18 0000 58.0 68 0.00 1.0 183 0.0
2023 08 18 0100 58.0 69 0.00 1.0 339 0.0
2023 08 18 0200 59.0 69 0.00 0.0 98 0.0
2023 08 18 0300 58.0 72 0.00 0.0 77 0.0
2023 08 18 0400 57.0 76 0.00 0.0 201 0.0
2023 08 18 0500 56.0 75 0.00 1.0 103 0.0
2023 08 18 0600 61.0 69 0.00 1.0 15 0.0
2023 08 18 0700 66.0 63 0.00 1.0 343 0.0
2023 08 18 0800 72.0 57 0.00 0.0 1 0.0
2023 08 18 0900 72.0 56 0.00 1.0 22 0.0
2023 08 18 1000 70.0 60 0.00 0.0 81 0.0
2023 08 18 1100 70.0 57 0.00 1.0 307 0.0
2023 08 18 1200 69.0 67 0.00 1.0 80 0.0
2023 08 18 1300 73.0 46 0.00 3.0 284 0.0
2023 08 18 1400 74.0 40 0.00 5.0 242 0.0
2023 08 18 1500 76.0 42 0.00 6.0 181 0.0
2023 08 18 1600 75.0 41 0.00 6.0 210 0.0
2023 08 18 1700 74.0 41 0.00 6.0 215 0.0
2023 08 18 1800 75.0 37 0.00 3.0 272 100.0
2023 08 18 1900 69.0 42 0.00 1.0 189 100.0
2023 08 18 2000 59.0 66 0.00 0.0 38 100.0
2023 08 18 2100 55.0 73 0.00 0.0 356 100.0
2023 08 18 2200 51.0 79 0.00 1.0 28 100.0
2023 08 18 2300 47.0 87 0.00 0.0 86 100.0
