2023 08 11 0000 44.0 95 0.00 0.0 55 0.0
2023 08 11 0100 42.0 96 0.00 0.0 33 0.0
2023 08 11 0200 41.0 97 0.00 1.0 14 0.0
2023 08 11 0300 40.0 98 0.00 0.0 63 0.0
2023 08 11 0400 39.0 99 0.00 0.0 35 0.0
2023 08 11 0500 38.0 99 0.00 0.0 353 0.0
2023 08 11 0600 44.0 99 0.00 0.0 143 0.0
2023 08 11 0700 59.0 66 0.00 1.0 296 0.0
2023 08 11 0800 67.0 53 0.00 1.0 184 0.0
2023 08 11 0900 72.0 39 0.00 2.0 12 0.0
2023 08 11 1000 74.0 33 0.00 3.0 226 0.0
2023 08 11 1100 76.0 31 0.00 2.0 95 0.0
2023 08 11 1200 79.0 24 0.00 3.0 269 0.0
2023 08 11 1300 80.0 19 0.00 7.0 294 0.0
2023 08 11 1400 80.0 20 0.00 5.0 334 0.0
2023 08 11 1500 81.0 20 0.00 7.0 321 0.0
2023 08 11 1600 81.0 20 0.00 7.0 329 0.0
2023 08 11 1700 80.0 22 0.00 6.0 290 0.0
2023 08 11 1800 77.0 27 0.00 2.0 331 0.0
2023 08 11 1900 64.0 49 0.00 0.0 28 0.0
2023 08 11 2000 57.0 64 0.00 0.0 40 0.0
2023 08 11 2100 52.0 78 0.00 0.0 58 0.0
2023 08 11 2200 49.0 83 0.00 1.0 49 0.0
2023 08 11 2300 47.0 85 0.00 0.0 34 0.0
2023 08 12 0000 45.0 91 0.00 1.0 25 0.0
2023 08 12 0100 44.0 91 0.00 1.0 19 0.0
2023 08 12 0200 43.0 94 0.00 0.0 69 0.0
2023 08 12 0300 44.0 93 0.00 1.0 114 0.0
2023 08 12 0400 45.0 92 0.00 0.0 347 0.0
2023 08 12 0500 46.0 93 0.00 1.0 348 0.0
2023 08 12 0600 49.0 90 0.00 0.0 68 0.0
2023 08 12 0700 55.0 77 0.00 0.0 359 0.0
2023 08 12 0800 68.0 50 0.00 2.0 180 0.0
2023 08 12 0900 72.0 41 0.00 3.0 284 0.0
2023 08 12 1000 75.0 32 0.00 4.0 279 0.0
2023 08 12 1100 77.0 30 0.00 4.0 247 0.0
2023 08 12 1200 79.0 28 0.00 4.0 247 0.0
2023 08 12 1300 78.0 27 0.00 4.0 229 0.0
2023 08 12 1400 77.0 26 0.00 6.0 340 0.0
2023 08 12 1500 79.0 25 0.00 3.0 15 0.0
2023 08 12 1600 81.0 23 0.00 5.0 261 0.0
2023 08 12 1700 76.0 29 0.00 4.0 349 0.0
2023 08 12 1800 74.0 36 0.00 0.0 341 0.0
2023 08 12 1900 66.0 56 0.00 0.0 344 0.0
2023 08 12 2000 61.0 70 0.00 0.0 24 0.0
2023 08 12 2100 60.0 70 0.00 1.0 2 0.0
2023 08 12 2200 59.0 68 0.00 1.0 32 0.0
2023 08 12 2300 56.0 77 0.00 2.0 18 0.0
2023 08 13 0000 54.0 75 0.00 1.0 20 100.0
2023 08 13 0100 52.0 82 0.00 1.0 70 100.0
2023 08 13 0200 51.0 83 0.00 0.0 27 100.0
2023 08 13 0300 49.0 86 0.00 1.0 25 100.0
2023 08 13 0400 46.0 92 0.00 0.0 111 100.0
2023 08 13 0500 45.0 94 0.00 0.0 75 100.0
2023 08 13 0600 50.0 85 0.00 1.0 20 0.0
2023 08 13 0700 64.0 54 0.00 1.0 337 0.0
2023 08 13 0800 69.0 45 0.00 1.0 99 0.0
2023 08 13 0900 73.0 37 0.00 2.0 301 0.0
2023 08 13 1000 76.0 28 0.00 3.0 227 0.0
2023 08 13 1100 78.0 26 0.00 3.0 183 0.0
2023 08 13 1200 79.0 26 0.00 7.0 206 0.0
2023 08 13 1300 81.0 24 0.00 3.0 222 0.0
2023 08 13 1400 81.0 24 0.00 5.0 282 0.0
2023 08 13 1500 83.0 23 0.00 3.0 32 0.0
2023 08 13 1600 83.0 21 0.00 2.0 321 0.0
2023 08 13 1700 83.0 23 0.00 2.0 162 0.0
2023 08 13 1800 79.0 27 0.00 1.0 207 0.0
2023 08 13 1900 64.0 53 0.00 2.0 12 0.0
2023 08 13 2000 58.0 67 0.00 0.0 83 0.0
2023 08 13 2100 54.0 78 0.00 1.0 98 0.0
2023 08 13 2200 51.0 80 0.00 2.0 24 0.0
2023 08 13 2300 49.0 85 0.00 2.0 9 0.0
