2023 07 28 0000 44.0 81 0.00 2.0 350 50.0
2023 07 28 0100 42.0 83 0.00 1.0 336 50.0
2023 07 28 0200 41.0 86 0.00 2.0 0 50.0
2023 07 28 0300 41.0 88 0.00 1.0 21 50.0
2023 07 28 0400 39.0 91 0.00 0.0 99 50.0
2023 07 28 0500 40.0 91 0.00 1.0 34 50.0
2023 07 28 0600 51.0 74 0.00 0.0 348 0.0
2023 07 28 0700 63.0 51 0.00 1.0 313 0.0
2023 07 28 0800 69.0 41 0.00 2.0 25 0.0
2023 07 28 0900 75.0 35 0.00 2.0 340 0.0
2023 07 28 1000 79.0 28 0.00 3.0 254 0.0
2023 07 28 1100 82.0 22 0.00 5.0 174 0.0
2023 07 28 1200 84.0 22 0.00 7.0 157 0.0
2023 07 28 1300 84.0 23 0.00 4.0 206 0.0
2023 07 28 1400 82.0 25 0.00 4.0 352 0.0
2023 07 28 1500 86.0 22 0.00 5.0 349 0.0
2023 07 28 1600 86.0 22 0.00 4.0 321 0.0
2023 07 28 1700 81.0 30 0.00 7.0 184 0.0
2023 07 28 1800 76.0 36 0.00 3.0 104 0.0
2023 07 28 1900 72.0 43 0.00 2.0 230 0.0
2023 07 28 2000 64.0 54 0.00 2.0 355 0.0
2023 07 28 2100 59.0 63 0.00 1.0 39 0.0
2023 07 28 2200 56.0 71 0.00 0.0 133 0.0
2023 07 28 2300 54.0 75 0.00 2.0 13 0.0
2023 07 29 0000 52.0 81 0.00 1.0 42 0.0
2023 07 29 0100 49.0 86 0.00 1.0 75 0.0
2023 07 29 0200 48.0 88 0.00 1.0 41 0.0
2023 07 29 0300 46.0 90 0.00 0.0 20 0.0
2023 07 29 0400 45.0 92 0.00 0.0 15 0.0
2023 07 29 0500 45.0 93 0.00 0.0 358 0.0
2023 07 29 0600 57.0 76 0.00 0.0 26 0.0
2023 07 29 0700 68.0 53 0.00 1.0 353 0.0
2023 07 29 0800 73.0 45 0.00 1.0 344 0.0
2023 07 29 0900 80.0 36 0.00 2.0 195 0.0
2023 07 29 1000 82.0 33 0.00 7.0 191 0.0
2023 07 29 1100 86.0 27 0.00 7.0 208 0.0
2023 07 29 1200 91.0 16 0.00 4.0 131 0.0
2023 07 29 1300 89.0 18 0.00 3.0 177 0.0
2023 07 29 1400 91.0 18 0.00 4.0 207 0.0
2023 07 29 1500 88.0 21 0.00 5.0 334 0.0
2023 07 29 1600 89.0 19 0.00 1.0 254 0.0
2023 07 29 1700 86.0 18 0.00 1.0 295 0.0
2023 07 29 1800 82.0 30 0.00 3.0 105 0.0
2023 07 29 1900 76.0 43 0.00 0.0 316 0.0
2023 07 29 2000 68.0 57 0.00 1.0 61 0.0
2023 07 29 2100 62.0 67 0.00 0.0 16 0.0
2023 07 29 2200 57.0 72 0.00 1.0 10 0.0
2023 07 29 2300 53.0 78 0.00 1.0 15 0.0
2023 07 30 0000 50.0 81 0.00 1.0 49 0.0
2023 07 30 0100 48.0 77 0.00 2.0 17 0.0
2023 07 30 0200 46.0 84 0.00 0.0 67 0.0
2023 07 30 0300 46.0 83 0.00 0.0 46 0.0
2023 07 30 0400 45.0 87 0.00 3.0 6 0.0
2023 07 30 0500 45.0 87 0.00 1.0 16 0.0
2023 07 30 0600 53.0 75 0.00 2.0 93 0.0
2023 07 30 0700 65.0 49 0.00 0.0 209 0.0
2023 07 30 0800 72.0 41 0.00 2.0 288 0.0
2023 07 30 0900 81.0 27 0.00 2.0 174 0.0
2023 07 30 1000 87.0 23 0.00 3.0 169 0.0
2023 07 30 1100 91.0 17 0.00 4.0 166 0.0
2023 07 30 1200 93.0 15 0.00 4.0 157 0.0
2023 07 30 1300 94.0 13 0.00 6.0 260 0.0
2023 07 30 1400 95.0 12 0.00 8.0 306 0.0
2023 07 30 1500 93.0 12 0.00 6.0 267 0.0
2023 07 30 1600 90.0 12 0.00 9.0 316 0.0
2023 07 30 1700 88.0 8 0.00 8.0 303 0.0
2023 07 30 1800 84.0 10 0.00 1.0 318 0.0
2023 07 30 1900 70.0 24 0.00 2.0 37 0.0
2023 07 30 2000 60.0 40 0.00 0.0 33 0.0
2023 07 30 2100 56.0 49 0.00 3.0 37 0.0
2023 07 30 2200 53.0 57 0.00 0.0 96 0.0
2023 07 30 2300 51.0 60 0.00 1.0 29 0.0
