2023 08 18 0000 58.0 68 0.00 1.0 183 0.0
2023 08 18 0100 58.0 69 0.00 1.0 339 0.0
2023 08 18 0200 59.0 69 0.00 0.0 98 0.0
2023 08 18 0300 58.0 72 0.00 0.0 77 0.0
2023 08 18 0400 57.0 76 0.00 0.0 201 0.0
2023 08 18 0500 56.0 75 0.00 1.0 103 0.0
2023 08 18 0600 61.0 69 0.00 1.0 15 0.0
2023 08 18 0700 66.0 63 0.00 1.0 343 0.0
2023 08 18 0800 72.0 57 0.00 0.0 1 0.0
2023 08 18 0900 72.0 56 0.00 1.0 22 0.0
2023 08 18 1000 70.0 60 0.00 0.0 81 0.0
2023 08 18 1100 70.0 57 0.00 1.0 307 0.0
2023 08 18 1200 69.0 67 0.00 1.0 80 0.0
2023 08 18 1300 73.0 46 0.00 3.0 284 0.0
2023 08 18 1400 74.0 40 0.00 5.0 242 0.0
2023 08 18 1500 76.0 42 0.00 6.0 181 0.0
2023 08 18 1600 75.0 41 0.00 6.0 210 0.0
2023 08 18 1700 74.0 41 0.00 6.0 215 0.0
2023 08 18 1800 75.0 37 0.00 3.0 272 100.0
2023 08 18 1900 69.0 42 0.00 1.0 189 100.0
2023 08 18 2000 59.0 66 0.00 0.0 38 100.0
2023 08 18 2100 55.0 73 0.00 0.0 356 100.0
2023 08 18 2200 51.0 79 0.00 1.0 28 100.0
2023 08 18 2300 47.0 87 0.00 0.0 86 100.0
2023 08 19 0000 45.0 89 0.00 0.0 31 0.0
2023 08 19 0100 44.0 88 0.00 0.0 28 0.0
2023 08 19 0200 41.0 91 0.00 0.0 21 0.0
2023 08 19 0300 40.0 93 0.00 0.0 25 0.0
2023 08 19 0400 39.0 92 0.00 1.0 20 0.0
2023 08 19 0500 38.0 93 0.00 0.0 108 0.0
2023 08 19 0600 43.0 91 0.00 0.0 60 0.0
2023 08 19 0700 60.0 63 0.00 1.0 150 0.0
2023 08 19 0800 63.0 55 0.00 3.0 261 0.0
2023 08 19 0900 69.0 44 0.00 2.0 239 0.0
2023 08 19 1000 73.0 38 0.00 3.0 0 0.0
2023 08 19 1100 77.0 28 0.00 3.0 112 0.0
2023 08 19 1200 80.0 20 0.00 3.0 215 0.0
2023 08 19 1300 81.0 20 0.00 4.0 42 0.0
2023 08 19 1400 83.0 20 0.00 4.0 28 0.0
2023 08 19 1500 83.0 19 0.00 3.0 41 0.0
2023 08 19 1600 82.0 20 0.00 4.0 356 0.0
2023 08 19 1700 76.0 29 0.00 5.0 132 0.0
2023 08 19 1800 72.0 35 0.00 2.0 309 0.0
2023 08 19 1900 67.0 42 0.00 1.0 320 0.0
2023 08 19 2000 66.0 43 0.00 2.0 195 0.0
2023 08 19 2100 65.0 46 0.00 2.0 145 0.0
2023 08 19 2200 64.0 48 0.00 3.0 243 0.0
2023 08 19 2300 63.0 51 0.00 6.0 205 0.0
2023 08 20 0000 62.0 53 0.00 3.0 233 0.0
2023 08 20 0100 59.0 61 0.00 1.0 230 0.0
2023 08 20 0200 59.0 60 0.00 2.0 285 0.0
2023 08 20 0300 55.0 67 0.00 2.0 313 0.0
2023 08 20 0400 53.0 72 0.00 1.0 18 0.0
2023 08 20 0500 52.0 78 0.00 1.0 359 0.0
2023 08 20 0600 55.0 75 0.00 0.0 1 0.0
2023 08 20 0700 61.0 62 0.00 0.0 3 0.0
2023 08 20 0800 64.0 57 0.00 2.0 293 0.0
2023 08 20 0900 69.0 53 0.00 2.0 226 0.0
2023 08 20 1000 71.0 51 0.00 4.0 162 0.0
2023 08 20 1100 71.0 51 0.00 6.0 139 0.0
2023 08 20 1200 69.0 59 0.00 4.0 121 25.0
2023 08 20 1300 69.0 60 0.00 2.0 332 25.0
2023 08 20 1400 66.0 71 0.00 2.0 50 25.0
2023 08 20 1500 67.0 63 0.00 2.0 84 25.0
2023 08 20 1600 67.0 60 0.00 4.0 154 25.0
2023 08 20 1700 64.0 71 0.00 2.0 262 25.0
2023 08 20 1800 62.0 79 0.00 1.0 340 0.0
2023 08 20 1900 60.0 85 0.00 0.0 352 0.0
2023 08 20 2000 58.0 89 0.00 0.0 344 0.0
2023 08 20 2100 58.0 91 0.00 0.0 353 0.0
2023 08 20 2200 57.0 92 0.00 0.0 102 0.0
2023 08 20 2300 57.0 93 0.00 0.0 266 0.0
