2023 08 05 0000 62.0 68 0.00 4.0 279 0.0
2023 08 05 0100 61.0 67 0.00 1.0 356 0.0
2023 08 05 0200 59.0 73 0.00 0.0 241 0.0
2023 08 05 0300 58.0 74 0.00 0.0 27 0.0
2023 08 05 0400 56.0 79 0.00 0.0 5 0.0
2023 08 05 0500 57.0 80 0.00 0.0 6 0.0
2023 08 05 0600 61.0 71 0.00 2.0 259 0.0
2023 08 05 0700 58.0 92 0.00 0.0 216 0.0
2023 08 05 0800 58.0 93 0.00 0.0 333 0.0
2023 08 05 0900 59.0 94 0.00 0.0 83 0.0
2023 08 05 1000 61.0 87 0.00 0.0 132 0.0
2023 08 05 1100 62.0 83 0.00 2.0 334 0.0
2023 08 05 1200 63.0 84 0.00 1.0 13 0.0
2023 08 05 1300 62.0 89 0.00 2.0 304 0.0
2023 08 05 1400 61.0 94 0.00 2.0 218 0.0
2023 08 05 1500 61.0 93 0.00 1.0 7 0.0
2023 08 05 1600 62.0 93 0.00 0.0 149 0.0
2023 08 05 1700 61.0 96 0.00 0.0 105 0.0
2023 08 05 1800 60.0 98 0.00 0.0 196 100.0
2023 08 05 1900 60.0 99 0.00 0.0 196 100.0
2023 08 05 2000 59.0 100 0.00 0.0 122 100.0
2023 08 05 2100 58.0 100 0.00 0.0 40 100.0
2023 08 05 2200 57.0 100 0.00 0.0 0 100.0
2023 08 05 2300 57.0 100 0.00 0.0 0 100.0
2023 08 06 0000 57.0 100 0.00 0.0 85 100.0
2023 08 06 0100 57.0 100 0.00 0.0 164 100.0
2023 08 06 0200 57.0 100 0.00 1.0 302 100.0
2023 08 06 0300 57.0 100 0.00 0.0 293 100.0
2023 08 06 0400 57.0 100 0.00 0.0 309 100.0
2023 08 06 0500 57.0 100 0.00 0.0 292 100.0
2023 08 06 0600 57.0 100 0.00 0.0 143 100.0
2023 08 06 0700 58.0 97 0.00 0.0 277 100.0
2023 08 06 0800 59.0 96 0.00 3.0 216 100.0
2023 08 06 0900 59.0 97 0.00 2.0 243 100.0
2023 08 06 1000 57.0 98 0.00 5.0 233 100.0
2023 08 06 1100 60.0 94 0.00 1.0 25 100.0
2023 08 06 1200 60.0 90 0.00 0.0 9 100.0
2023 08 06 1300 62.0 91 0.00 2.0 326 100.0
2023 08 06 1400 64.0 82 0.00 4.0 298 100.0
2023 08 06 1500 65.0 79 0.00 3.0 221 100.0
2023 08 06 1600 63.0 86 0.00 2.0 181 100.0
2023 08 06 1700 63.0 85 0.00 2.0 206 100.0
2023 08 06 1800 63.0 86 0.00 1.0 212 100.0
2023 08 06 1900 61.0 96 0.00 1.0 9 100.0
2023 08 06 2000 58.0 99 0.00 2.0 359 100.0
2023 08 06 2100 55.0 100 0.00 1.0 34 100.0
2023 08 06 2200 55.0 100 0.00 0.0 39 100.0
2023 08 06 2300 55.0 100 0.00 0.0 69 100.0
2023 08 07 0000 54.0 98 0.00 1.0 40 50.0
2023 08 07 0100 53.0 100 0.00 0.0 334 50.0
2023 08 07 0200 53.0 100 0.00 0.0 25 50.0
2023 08 07 0300 51.0 100 0.00 2.0 1 50.0
2023 08 07 0400 50.0 100 0.00 0.0 29 50.0
2023 08 07 0500 50.0 100 0.00 0.0 31 50.0
2023 08 07 0600 53.0 100 0.00 1.0 29 100.0
2023 08 07 0700 57.0 92 0.00 0.0 359 100.0
2023 08 07 0800 64.0 77 0.00 1.0 9 100.0
2023 08 07 0900 67.0 66 0.00 2.0 209 100.0
2023 08 07 1000 71.0 55 0.00 1.0 225 100.0
2023 08 07 1100 74.0 48 0.00 3.0 114 100.0
2023 08 07 1200 76.0 36 0.00 4.0 210 100.0
2023 08 07 1300 79.0 35 0.00 3.0 351 100.0
2023 08 07 1400 79.0 35 0.00 5.0 219 100.0
2023 08 07 1500 80.0 33 0.00 3.0 159 100.0
2023 08 07 1600 80.0 28 0.00 5.0 251 100.0
2023 08 07 1700 74.0 41 0.00 0.0 253 100.0
2023 08 07 1800 73.0 51 0.00 1.0 180 0.0
2023 08 07 1900 65.0 68 0.00 0.0 61 0.0
2023 08 07 2000 63.0 76 0.00 0.0 72 0.0
2023 08 07 2100 61.0 83 0.00 1.0 0 0.0
2023 08 07 2200 58.0 88 0.00 1.0 75 0.0
2023 08 07 2300 56.0 92 0.00 0.0 60 0.0
