2023 08 22 0000 60.0 100 0.00 2.0 259 75.0
2023 08 22 0100 60.0 100 0.00 1.0 176 75.0
2023 08 22 0200 59.0 100 0.00 0.0 94 75.0
2023 08 22 0300 59.0 100 0.00 2.0 11 75.0
2023 08 22 0400 59.0 100 0.00 1.0 46 75.0
2023 08 22 0500 59.0 100 0.00 0.0 244 75.0
2023 08 22 0600 60.0 100 0.00 0.0 328 100.0
2023 08 22 0700 61.0 100 0.00 1.0 175 100.0
2023 08 22 0800 63.0 100 0.00 0.0 60 100.0
2023 08 22 0900 65.0 90 0.00 0.0 203 100.0
2023 08 22 1000 70.0 81 0.00 2.0 202 100.0
2023 08 22 1100 78.0 52 0.00 3.0 154 100.0
2023 08 22 1200 81.0 43 0.00 4.0 202 75.0
2023 08 22 1300 77.0 46 0.00 2.0 329 75.0
2023 08 22 1400 79.0 39 0.00 1.0 145 75.0
2023 08 22 1500 77.0 44 0.00 1.0 5 75.0
2023 08 22 1600 72.0 49 0.00 9.0 298 75.0
2023 08 22 1700 69.0 52 0.00 3.0 33 75.0
2023 08 22 1800 63.0 77 0.00 3.0 19 75.0
2023 08 22 1900 61.0 76 0.00 4.0 169 75.0
2023 08 22 2000 59.0 84 0.00 1.0 28 75.0
2023 08 22 2100 57.0 89 0.00 2.0 30 75.0
2023 08 22 2200 54.0 95 0.00 0.0 130 75.0
2023 08 22 2300 54.0 94 0.00 2.0 47 75.0
2023 08 23 0000 54.0 95 0.00 0.0 21 75.0
2023 08 23 0100 54.0 92 0.00 1.0 64 75.0
2023 08 23 0200 52.0 98 0.00 2.0 351 75.0
2023 08 23 0300 53.0 99 0.00 0.0 268 75.0
2023 08 23 0400 52.0 99 0.00 1.0 276 75.0
2023 08 23 0500 54.0 100 0.00 0.0 231 75.0
2023 08 23 0600 55.0 100 0.00 0.0 127 25.0
2023 08 23 0700 58.0 95 0.00 0.0 37 25.0
2023 08 23 0800 60.0 82 0.00 0.0 177 25.0
2023 08 23 0900 65.0 58 0.00 1.0 95 25.0
2023 08 23 1000 68.0 51 0.00 1.0 18 25.0
2023 08 23 1100 67.0 53 0.00 2.0 240 25.0
2023 08 23 1200 69.0 46 0.00 1.0 0 100.0
2023 08 23 1300 72.0 39 0.00 6.0 309 100.0
2023 08 23 1400 71.0 37 0.00 7.0 314 100.0
2023 08 23 1500 70.0 37 0.00 6.0 328 100.0
2023 08 23 1600 72.0 33 0.00 7.0 318 100.0
2023 08 23 1700 71.0 34 0.00 5.0 287 100.0
2023 08 23 1800 67.0 41 0.00 1.0 2 75.0
2023 08 23 1900 56.0 70 0.00 0.0 67 75.0
2023 08 23 2000 50.0 83 0.00 1.0 49 75.0
2023 08 23 2100 48.0 86 0.00 0.0 43 75.0
2023 08 23 2200 44.0 93 0.00 1.0 23 75.0
2023 08 23 2300 42.0 95 0.00 0.0 51 75.0
2023 08 24 0000 41.0 96 0.00 0.0 52 75.0
2023 08 24 0100 39.0 97 0.00 0.0 43 75.0
2023 08 24 0200 39.0 97 0.00 0.0 47 75.0
2023 08 24 0300 38.0 98 0.00 0.0 103 75.0
2023 08 24 0400 37.0 99 0.00 0.0 13 75.0
2023 08 24 0500 37.0 99 0.00 0.0 40 75.0
2023 08 24 0600 41.0 99 0.00 0.0 58 0.0
2023 08 24 0700 54.0 72 0.00 0.0 350 0.0
2023 08 24 0800 60.0 62 0.00 2.0 199 0.0
2023 08 24 0900 67.0 49 0.00 1.0 231 0.0
2023 08 24 1000 70.0 43 0.00 5.0 324 0.0
2023 08 24 1100 73.0 36 0.00 4.0 302 0.0
2023 08 24 1200 75.0 28 0.00 6.0 302 25.0
2023 08 24 1300 77.0 21 0.00 8.0 331 25.0
2023 08 24 1400 77.0 20 0.00 6.0 324 25.0
2023 08 24 1500 77.0 21 0.00 6.0 336 25.0
2023 08 24 1600 77.0 22 0.00 5.0 322 25.0
2023 08 24 1700 75.0 23 0.00 5.0 347 25.0
2023 08 24 1800 69.0 33 0.00 0.0 39 0.0
2023 08 24 1900 57.0 60 0.00 0.0 13 0.0
2023 08 24 2000 51.0 73 0.00 0.0 54 0.0
2023 08 24 2100 47.0 82 0.00 0.0 40 0.0
2023 08 24 2200 45.0 85 0.00 1.0 50 0.0
2023 08 24 2300 43.0 89 0.00 0.0 40 0.0
