2023 07 24 0000 73.0 32 0.00 14.0 136 0.0
2023 07 24 0100 73.0 35 0.00 13.0 140 0.0
2023 07 24 0200 72.0 37 0.00 10.0 133 0.0
2023 07 24 0300 71.0 37 0.00 6.0 121 0.0
2023 07 24 0400 71.0 38 0.00 5.0 117 0.0
2023 07 24 0500 71.0 37 0.00 4.0 86 0.0
2023 07 24 0600 75.0 32 0.00 3.0 55 0.0
2023 07 24 0700 80.0 29 0.00 5.0 132 0.0
2023 07 24 0800 85.0 26 0.00 9.0 150 0.0
2023 07 24 0900 86.0 23 0.00 6.0 151 0.0
2023 07 24 1000 89.0 17 0.00 6.0 147 0.0
2023 07 24 1100 89.0 18 0.00 7.0 136 0.0
2023 07 24 1200 91.0 15 0.00 8.0 146 0.0
2023 07 24 1300 90.0 17 0.00 11.0 149 0.0
2023 07 24 1400 93.0 15 0.00 10.0 151 0.0
2023 07 24 1500 92.0 14 0.00 11.0 150 0.0
2023 07 24 1600 90.0 14 0.00 5.0 153 0.0
2023 07 24 1700 88.0 15 0.00 4.0 110 0.0
2023 07 24 1800 81.0 18 0.00 8.0 149 0.0
2023 07 24 1900 79.0 19 0.00 10.0 138 0.0
2023 07 24 2000 78.0 21 0.00 11.0 139 0.0
2023 07 24 2100 77.0 22 0.00 13.0 135 0.0
2023 07 24 2200 76.0 23 0.00 11.0 135 0.0
2023 07 24 2300 76.0 23 0.00 8.0 130 0.0
2023 07 25 0000 75.0 24 0.00 8.0 141 0.0
2023 07 25 0100 71.0 29 0.00 9.0 270 0.0
2023 07 25 0200 72.0 28 0.00 5.0 224 0.0
2023 07 25 0300 73.0 28 0.00 5.0 276 0.0
2023 07 25 0400 73.0 27 0.00 9.0 356 0.0
2023 07 25 0500 73.0 26 0.00 9.0 353 0.0
2023 07 25 0600 76.0 25 0.00 6.0 354 0.0
2023 07 25 0700 83.0 21 0.00 4.0 18 0.0
2023 07 25 0800 86.0 19 0.00 4.0 352 0.0
2023 07 25 0900 87.0 17 0.00 6.0 3 0.0
2023 07 25 1000 88.0 17 0.00 5.0 63 0.0
2023 07 25 1100 90.0 16 0.00 4.0 247 0.0
2023 07 25 1200 88.0 17 0.00 3.0 20 0.0
2023 07 25 1300 94.0 13 0.00 11.0 165 0.0
2023 07 25 1400 93.0 13 0.00 15.0 164 0.0
2023 07 25 1500 91.0 14 0.00 10.0 161 0.0
2023 07 25 1600 90.0 15 0.00 5.0 139 0.0
2023 07 25 1700 86.0 16 0.00 9.0 145 0.0
2023 07 25 1800 83.0 20 0.00 2.0 106 0.0
2023 07 25 1900 81.0 22 0.00 3.0 339 0.0
2023 07 25 2000 79.0 25 0.00 8.0 350 0.0
2023 07 25 2100 77.0 28 0.00 7.0 353 0.0
2023 07 25 2200 76.0 28 0.00 5.0 18 0.0
2023 07 25 2300 76.0 27 0.00 4.0 54 0.0
2023 07 26 0000 75.0 28 0.00 3.0 341 0.0
2023 07 26 0100 74.0 28 0.00 4.0 9 0.0
2023 07 26 0200 76.0 24 0.00 8.0 137 0.0
2023 07 26 0300 75.0 24 0.00 6.0 120 0.0
2023 07 26 0400 75.0 25 0.00 7.0 143 0.0
2023 07 26 0500 74.0 25 0.00 7.0 180 0.0
2023 07 26 0600 77.0 23 0.00 4.0 231 0.0
2023 07 26 0700 84.0 21 0.00 1.0 225 0.0
2023 07 26 0800 86.0 21 0.00 4.0 170 0.0
2023 07 26 0900 90.0 18 0.00 8.0 243 0.0
2023 07 26 1000 92.0 16 0.00 9.0 252 0.0
2023 07 26 1100 92.0 15 0.00 7.0 320 0.0
2023 07 26 1200 96.0 13 0.00 5.0 138 0.0
2023 07 26 1300 97.0 12 0.00 11.0 159 0.0
2023 07 26 1400 96.0 12 0.00 9.0 192 0.0
2023 07 26 1500 94.0 14 0.00 16.0 147 0.0
2023 07 26 1600 82.0 23 0.00 12.0 279 0.0
2023 07 26 1700 81.0 23 0.00 12.0 312 0.0
2023 07 26 1800 81.0 23 0.00 10.0 341 0.0
2023 07 26 1900 79.0 24 0.00 8.0 352 0.0
2023 07 26 2000 79.0 23 0.00 10.0 347 0.0
2023 07 26 2100 78.0 24 0.00 8.0 293 0.0
2023 07 26 2200 77.0 25 0.00 11.0 340 0.0
2023 07 26 2300 75.0 29 0.00 12.0 347 0.0
