2023 07 29 0000 72.0 37 0.00 7.0 351 0.0
2023 07 29 0100 70.0 41 0.00 9.0 359 0.0
2023 07 29 0200 69.0 43 0.00 10.0 347 0.0
2023 07 29 0300 71.0 38 0.00 10.0 351 0.0
2023 07 29 0400 71.0 35 0.00 5.0 20 0.0
2023 07 29 0500 71.0 34 0.00 5.0 178 0.0
2023 07 29 0600 73.0 31 0.00 6.0 163 50.0
2023 07 29 0700 78.0 27 0.00 6.0 172 50.0
2023 07 29 0800 81.0 25 0.00 6.0 167 50.0
2023 07 29 0900 87.0 20 0.00 6.0 131 50.0
2023 07 29 1000 88.0 19 0.00 6.0 146 50.0
2023 07 29 1100 87.0 19 0.00 5.0 82 50.0
2023 07 29 1200 93.0 17 0.00 8.0 149 0.0
2023 07 29 1300 93.0 16 0.00 6.0 167 0.0
2023 07 29 1400 91.0 18 0.00 6.0 115 0.0
2023 07 29 1500 87.0 20 0.00 6.0 153 0.0
2023 07 29 1600 86.0 21 0.00 2.0 316 0.0
2023 07 29 1700 81.0 26 0.00 8.0 331 0.0
2023 07 29 1800 77.0 32 0.00 12.0 337 0.0
2023 07 29 1900 73.0 37 0.00 12.0 340 0.0
2023 07 29 2000 72.0 38 0.00 12.0 343 0.0
2023 07 29 2100 73.0 35 0.00 5.0 345 0.0
2023 07 29 2200 74.0 35 0.00 6.0 106 0.0
2023 07 29 2300 72.0 41 0.00 7.0 71 0.0
2023 07 30 0000 71.0 40 0.00 6.0 173 0.0
2023 07 30 0100 70.0 34 0.00 7.0 172 0.0
2023 07 30 0200 69.0 32 0.00 11.0 147 0.0
2023 07 30 0300 68.0 36 0.00 7.0 170 0.0
2023 07 30 0400 68.0 40 0.00 5.0 162 0.0
2023 07 30 0500 67.0 40 0.00 6.0 169 0.0
2023 07 30 0600 69.0 37 0.00 9.0 149 0.0
2023 07 30 0700 75.0 31 0.00 10.0 152 0.0
2023 07 30 0800 79.0 27 0.00 10.0 155 0.0
2023 07 30 0900 83.0 23 0.00 9.0 149 0.0
2023 07 30 1000 85.0 24 0.00 10.0 160 0.0
2023 07 30 1100 87.0 22 0.00 8.0 159 0.0
2023 07 30 1200 88.0 19 0.00 11.0 152 0.0
2023 07 30 1300 88.0 20 0.00 9.0 152 0.0
2023 07 30 1400 89.0 18 0.00 10.0 154 0.0
2023 07 30 1500 88.0 18 0.00 12.0 150 0.0
2023 07 30 1600 83.0 19 0.00 16.0 146 0.0
2023 07 30 1700 82.0 19 0.00 11.0 150 0.0
2023 07 30 1800 77.0 23 0.00 14.0 148 0.0
2023 07 30 1900 75.0 23 0.00 14.0 145 0.0
2023 07 30 2000 73.0 26 0.00 10.0 144 0.0
2023 07 30 2100 72.0 28 0.00 9.0 149 0.0
2023 07 30 2200 72.0 35 0.00 10.0 139 0.0
2023 07 30 2300 71.0 36 0.00 11.0 141 0.0
2023 07 31 0000 70.0 36 0.00 10.0 172 0.0
2023 07 31 0100 67.0 41 0.00 9.0 261 0.0
2023 07 31 0200 66.0 48 0.00 2.0 276 0.0
2023 07 31 0300 67.0 42 0.00 8.0 348 0.0
2023 07 31 0400 65.0 47 0.00 6.0 341 0.0
2023 07 31 0500 66.0 45 0.00 4.0 114 0.0
2023 07 31 0600 70.0 39 0.00 5.0 10 0.0
2023 07 31 0700 76.0 33 0.00 4.0 162 0.0
2023 07 31 0800 79.0 34 0.00 7.0 164 0.0
2023 07 31 0900 78.0 32 0.00 8.0 170 0.0
2023 07 31 1000 81.0 28 0.00 9.0 144 0.0
2023 07 31 1100 86.0 24 0.00 12.0 173 0.0
2023 07 31 1200 82.0 25 0.00 11.0 154 0.0
2023 07 31 1300 83.0 25 0.00 11.0 150 0.0
2023 07 31 1400 85.0 23 0.00 14.0 158 0.0
2023 07 31 1500 80.0 30 0.00 3.0 4 0.0
2023 07 31 1600 75.0 38 0.00 9.0 313 0.0
2023 07 31 1700 78.0 31 0.00 6.0 182 0.0
2023 07 31 1800 72.0 40 0.00 6.0 2 0.0
2023 07 31 1900 70.0 43 0.00 9.0 353 0.0
2023 07 31 2000 71.0 41 0.00 7.0 6 0.0
2023 07 31 2100 74.0 33 0.00 6.0 144 0.0
2023 07 31 2200 70.0 43 0.00 9.0 169 0.0
2023 07 31 2300 70.0 39 0.00 6.0 228 0.0
