2023 08 02 0000 68.0 54 0.00 7.0 137 0.0
2023 08 02 0100 67.0 56 0.00 6.0 110 0.0
2023 08 02 0200 68.0 52 0.00 8.0 154 0.0
2023 08 02 0300 69.0 48 0.00 6.0 201 0.0
2023 08 02 0400 67.0 53 0.00 5.0 244 0.0
2023 08 02 0500 67.0 53 0.00 4.0 234 0.0
2023 08 02 0600 69.0 51 0.00 5.0 312 0.0
2023 08 02 0700 75.0 43 0.00 6.0 314 0.0
2023 08 02 0800 78.0 36 0.00 11.0 315 0.0
2023 08 02 0900 83.0 31 0.00 9.0 305 0.0
2023 08 02 1000 86.0 29 0.00 10.0 262 0.0
2023 08 02 1100 89.0 25 0.00 10.0 268 0.0
2023 08 02 1200 91.0 22 0.00 7.0 234 0.0
2023 08 02 1300 89.0 20 0.00 5.0 308 0.0
2023 08 02 1400 84.0 28 0.00 7.0 167 0.0
2023 08 02 1500 84.0 27 0.00 5.0 171 0.0
2023 08 02 1600 69.0 56 0.01 5.0 86 0.0
2023 08 02 1700 75.0 41 0.00 7.0 161 0.0
2023 08 02 1800 73.0 40 0.00 10.0 144 0.0
2023 08 02 1900 73.0 41 0.00 10.0 149 0.0
2023 08 02 2000 66.0 60 0.00 17.0 148 0.0
2023 08 02 2100 64.0 73 0.00 21.0 145 0.0
2023 08 02 2200 62.0 82 0.00 13.0 144 0.0
2023 08 02 2300 63.0 72 0.00 4.0 101 0.0
2023 08 03 0000 63.0 72 0.00 6.0 91 0.0
2023 08 03 0100 63.0 70 0.00 4.0 171 0.0
2023 08 03 0200 63.0 66 0.00 10.0 263 0.0
2023 08 03 0300 63.0 65 0.00 9.0 275 0.0
2023 08 03 0400 61.0 73 0.00 12.0 335 0.0
2023 08 03 0500 61.0 74 0.00 12.0 352 0.0
2023 08 03 0600 65.0 65 0.00 8.0 353 0.0
2023 08 03 0700 71.0 53 0.00 6.0 338 0.0
2023 08 03 0800 75.0 43 0.00 9.0 325 0.0
2023 08 03 0900 79.0 37 0.00 6.0 343 0.0
2023 08 03 1000 84.0 30 0.00 6.0 340 0.0
2023 08 03 1100 84.0 29 0.00 4.0 15 0.0
2023 08 03 1200 86.0 23 0.00 8.0 267 75.0
2023 08 03 1300 87.0 23 0.00 9.0 291 75.0
2023 08 03 1400 91.0 20 0.00 10.0 237 75.0
2023 08 03 1500 92.0 18 0.00 9.0 256 75.0
2023 08 03 1600 90.0 18 0.00 10.0 247 75.0
2023 08 03 1700 87.0 18 0.00 8.0 227 75.0
2023 08 03 1800 82.0 23 0.00 7.0 248 0.0
2023 08 03 1900 78.0 25 0.00 7.0 237 0.0
2023 08 03 2000 77.0 25 0.00 8.0 237 0.0
2023 08 03 2100 75.0 33 0.00 8.0 261 0.0
2023 08 03 2200 74.0 35 0.00 7.0 264 0.0
2023 08 03 2300 71.0 37 0.00 5.0 144 0.0
2023 08 04 0000 72.0 37 0.00 0.0 287 0.0
2023 08 04 0100 72.0 36 0.00 11.0 325 0.0
2023 08 04 0200 71.0 36 0.00 9.0 328 0.0
2023 08 04 0300 70.0 38 0.00 9.0 327 0.0
2023 08 04 0400 70.0 37 0.00 11.0 332 0.0
2023 08 04 0500 70.0 37 0.00 12.0 346 0.0
2023 08 04 0600 73.0 34 0.00 10.0 341 0.0
2023 08 04 0700 79.0 29 0.00 5.0 346 0.0
2023 08 04 0800 84.0 24 0.00 4.0 324 0.0
2023 08 04 0900 87.0 22 0.00 6.0 313 0.0
2023 08 04 1000 90.0 21 0.00 9.0 281 0.0
2023 08 04 1100 86.0 22 0.00 10.0 261 0.0
2023 08 04 1200 91.0 19 0.00 5.0 214 0.0
2023 08 04 1300 91.0 18 0.00 6.0 305 0.0
2023 08 04 1400 87.0 21 0.00 6.0 265 0.0
2023 08 04 1500 90.0 18 0.00 11.0 221 0.0
2023 08 04 1600 91.0 17 0.00 8.0 229 0.0
2023 08 04 1700 89.0 17 0.00 10.0 237 0.0
2023 08 04 1800 84.0 19 0.00 8.0 248 0.0
2023 08 04 1900 79.0 21 0.00 7.0 275 0.0
2023 08 04 2000 79.0 21 0.00 9.0 295 0.0
2023 08 04 2100 78.0 20 0.00 9.0 299 0.0
2023 08 04 2200 78.0 20 0.00 8.0 304 0.0
2023 08 04 2300 77.0 20 0.00 12.0 333 0.0
