2023 08 05 0000 76.0 20 0.00 13.0 330 0.0
2023 08 05 0100 75.0 20 0.00 12.0 340 0.0
2023 08 05 0200 74.0 21 0.00 13.0 336 0.0
2023 08 05 0300 74.0 22 0.00 12.0 344 0.0
2023 08 05 0400 73.0 24 0.00 11.0 348 0.0
2023 08 05 0500 74.0 22 0.00 9.0 349 0.0
2023 08 05 0600 78.0 20 0.00 4.0 8 0.0
2023 08 05 0700 85.0 17 0.00 3.0 350 0.0
2023 08 05 0800 89.0 15 0.00 5.0 176 0.0
2023 08 05 0900 91.0 14 0.00 7.0 276 0.0
2023 08 05 1000 93.0 13 0.00 8.0 245 0.0
2023 08 05 1100 97.0 11 0.00 9.0 232 0.0
2023 08 05 1200 94.0 11 0.00 14.0 241 0.0
2023 08 05 1300 95.0 11 0.00 10.0 253 0.0
2023 08 05 1400 95.0 11 0.00 9.0 271 0.0
2023 08 05 1500 96.0 11 0.00 8.0 257 0.0
2023 08 05 1600 95.0 11 0.00 9.0 272 0.0
2023 08 05 1700 93.0 12 0.00 9.0 234 0.0
2023 08 05 1800 86.0 15 0.00 9.0 260 0.0
2023 08 05 1900 82.0 17 0.00 8.0 268 0.0
2023 08 05 2000 81.0 19 0.00 9.0 291 0.0
2023 08 05 2100 80.0 21 0.00 10.0 315 0.0
2023 08 05 2200 78.0 25 0.00 13.0 323 0.0
2023 08 05 2300 77.0 27 0.00 13.0 320 0.0
2023 08 06 0000 77.0 26 0.00 14.0 331 0.0
2023 08 06 0100 75.0 28 0.00 11.0 314 0.0
2023 08 06 0200 76.0 27 0.00 13.0 326 0.0
2023 08 06 0300 76.0 26 0.00 12.0 314 0.0
2023 08 06 0400 74.0 28 0.00 12.0 316 0.0
2023 08 06 0500 72.0 31 0.00 10.0 233 0.0
2023 08 06 0600 72.0 30 0.00 12.0 253 0.0
2023 08 06 0700 76.0 26 0.00 11.0 266 0.0
2023 08 06 0800 82.0 23 0.00 10.0 284 0.0
2023 08 06 0900 87.0 19 0.00 10.0 276 0.0
2023 08 06 1000 91.0 18 0.00 7.0 277 0.0
2023 08 06 1100 92.0 16 0.00 9.0 268 0.0
2023 08 06 1200 96.0 13 0.00 10.0 268 0.0
2023 08 06 1300 94.0 13 0.00 11.0 252 0.0
2023 08 06 1400 95.0 12 0.00 13.0 250 0.0
2023 08 06 1500 95.0 12 0.00 12.0 243 0.0
2023 08 06 1600 94.0 13 0.00 13.0 265 0.0
2023 08 06 1700 89.0 16 0.00 15.0 249 0.0
2023 08 06 1800 84.0 20 0.00 14.0 252 0.0
2023 08 06 1900 81.0 24 0.00 15.0 255 0.0
2023 08 06 2000 78.0 27 0.00 12.0 288 0.0
2023 08 06 2100 77.0 28 0.00 12.0 265 0.0
2023 08 06 2200 76.0 29 0.00 12.0 265 0.0
2023 08 06 2300 74.0 30 0.00 11.0 230 0.0
2023 08 07 0000 73.0 28 0.00 14.0 265 0.0
2023 08 07 0100 73.0 26 0.00 15.0 296 0.0
2023 08 07 0200 74.0 27 0.00 15.0 293 0.0
2023 08 07 0300 74.0 27 0.00 15.0 308 0.0
2023 08 07 0400 73.0 30 0.00 13.0 307 0.0
2023 08 07 0500 72.0 42 0.00 14.0 303 0.0
2023 08 07 0600 73.0 40 0.00 11.0 305 0.0
2023 08 07 0700 74.0 45 0.00 5.0 253 0.0
2023 08 07 0800 74.0 40 0.00 6.0 206 0.0
2023 08 07 0900 79.0 37 0.00 7.0 245 0.0
2023 08 07 1000 80.0 39 0.00 10.0 254 0.0
2023 08 07 1100 84.0 37 0.00 12.0 270 0.0
2023 08 07 1200 87.0 33 0.00 11.0 273 0.0
2023 08 07 1300 89.0 28 0.00 14.0 276 0.0
2023 08 07 1400 81.0 37 0.00 20.0 251 0.0
2023 08 07 1500 78.0 34 0.00 20.0 179 0.0
2023 08 07 1600 75.0 33 0.00 12.0 181 0.0
2023 08 07 1700 74.0 36 0.00 10.0 240 0.0
2023 08 07 1800 75.0 31 0.00 13.0 294 0.0
2023 08 07 1900 73.0 36 0.00 9.0 251 0.0
2023 08 07 2000 69.0 51 0.00 5.0 198 0.0
2023 08 07 2100 70.0 48 0.00 10.0 174 0.0
2023 08 07 2200 69.0 51 0.00 13.0 162 0.0
2023 08 07 2300 67.0 52 0.00 17.0 169 0.0
