2023 07 31 0000 70.0 36 0.00 10.0 172 0.0
2023 07 31 0100 67.0 41 0.00 9.0 261 0.0
2023 07 31 0200 66.0 48 0.00 2.0 276 0.0
2023 07 31 0300 67.0 42 0.00 8.0 348 0.0
2023 07 31 0400 65.0 47 0.00 6.0 341 0.0
2023 07 31 0500 66.0 45 0.00 4.0 114 0.0
2023 07 31 0600 70.0 39 0.00 5.0 10 0.0
2023 07 31 0700 76.0 33 0.00 4.0 162 0.0
2023 07 31 0800 79.0 34 0.00 7.0 164 0.0
2023 07 31 0900 78.0 32 0.00 8.0 170 0.0
2023 07 31 1000 81.0 28 0.00 9.0 144 0.0
2023 07 31 1100 86.0 24 0.00 12.0 173 0.0
2023 07 31 1200 82.0 25 0.00 11.0 154 0.0
2023 07 31 1300 83.0 25 0.00 11.0 150 0.0
2023 07 31 1400 85.0 23 0.00 14.0 158 0.0
2023 07 31 1500 80.0 30 0.00 3.0 4 0.0
2023 07 31 1600 75.0 38 0.00 9.0 313 0.0
2023 07 31 1700 78.0 31 0.00 6.0 182 0.0
2023 07 31 1800 72.0 40 0.00 6.0 2 0.0
2023 07 31 1900 70.0 43 0.00 9.0 353 0.0
2023 07 31 2000 71.0 41 0.00 7.0 6 0.0
2023 07 31 2100 74.0 33 0.00 6.0 144 0.0
2023 07 31 2200 70.0 43 0.00 9.0 169 0.0
2023 07 31 2300 70.0 39 0.00 6.0 228 0.0
2023 08 01 0000 67.0 48 0.00 7.0 352 0.0
2023 08 01 0100 65.0 56 0.00 12.0 336 0.0
2023 08 01 0200 66.0 50 0.00 14.0 329 0.0
2023 08 01 0300 65.0 54 0.00 10.0 341 0.0
2023 08 01 0400 64.0 54 0.00 7.0 339 0.0
2023 08 01 0500 65.0 51 0.00 6.0 322 0.0
2023 08 01 0600 67.0 51 0.00 5.0 289 0.0
2023 08 01 0700 74.0 40 0.00 5.0 277 0.0
2023 08 01 0800 79.0 34 0.00 6.0 304 0.0
2023 08 01 0900 81.0 30 0.00 7.0 278 0.0
2023 08 01 1000 85.0 28 0.00 9.0 270 0.0
2023 08 01 1100 85.0 26 0.00 8.0 246 0.0
2023 08 01 1200 89.0 22 0.00 7.0 226 0.0
2023 08 01 1300 89.0 19 0.00 14.0 203 0.0
2023 08 01 1400 88.0 19 0.00 9.0 209 0.0
2023 08 01 1500 90.0 16 0.00 10.0 197 0.0
2023 08 01 1600 88.0 18 0.00 11.0 217 0.0
2023 08 01 1700 85.0 20 0.00 9.0 230 0.0
2023 08 01 1800 79.0 24 0.00 6.0 252 0.0
2023 08 01 1900 75.0 30 0.00 7.0 275 0.0
2023 08 01 2000 75.0 30 0.00 7.0 265 0.0
2023 08 01 2100 75.0 30 0.00 6.0 292 0.0
2023 08 01 2200 74.0 32 0.00 7.0 153 0.0
2023 08 01 2300 70.0 51 0.00 7.0 168 0.0
2023 08 02 0000 68.0 54 0.00 7.0 137 0.0
2023 08 02 0100 67.0 56 0.00 6.0 110 0.0
2023 08 02 0200 68.0 52 0.00 8.0 154 0.0
2023 08 02 0300 69.0 48 0.00 6.0 201 0.0
2023 08 02 0400 67.0 53 0.00 5.0 244 0.0
2023 08 02 0500 67.0 53 0.00 4.0 234 0.0
2023 08 02 0600 69.0 51 0.00 5.0 312 0.0
2023 08 02 0700 75.0 43 0.00 6.0 314 0.0
2023 08 02 0800 78.0 36 0.00 11.0 315 0.0
2023 08 02 0900 83.0 31 0.00 9.0 305 0.0
2023 08 02 1000 86.0 29 0.00 10.0 262 0.0
2023 08 02 1100 89.0 25 0.00 10.0 268 0.0
2023 08 02 1200 91.0 22 0.00 7.0 234 0.0
2023 08 02 1300 89.0 20 0.00 5.0 308 0.0
2023 08 02 1400 84.0 28 0.00 7.0 167 0.0
2023 08 02 1500 84.0 27 0.00 5.0 171 0.0
2023 08 02 1600 69.0 56 0.01 5.0 86 0.0
2023 08 02 1700 75.0 41 0.00 7.0 161 0.0
2023 08 02 1800 73.0 40 0.00 10.0 144 0.0
2023 08 02 1900 73.0 41 0.00 10.0 149 0.0
2023 08 02 2000 66.0 60 0.00 17.0 148 0.0
2023 08 02 2100 64.0 73 0.00 21.0 145 0.0
2023 08 02 2200 62.0 82 0.00 13.0 144 0.0
2023 08 02 2300 63.0 72 0.00 4.0 101 0.0
