0 0 0 0 0 0 0 1 0 0 0 0 -1.6613247725836149 -0.6634898627562285 0.6230925802481951 0.0 -0.41155295437319855 -1.3088545627843653 -0.5349559104801316
0 0 0 0 0 0 0 1 0 0 0 0 -1.5168617488806917 -0.8668957448370116 0.8617176947246679 0.0 -0.8756555171019945 -0.035675801666589874 -0.5349559104801316
0 0 0 0 0 0 0 1 0 0 0 0 -1.3723987251777687 -0.9346977055306059 0.8958069967927353 0.0 0.05254960835559739 -1.2063166759829338 -0.5349559104801316
0 0 0 0 0 0 0 1 0 0 0 0 -1.2279357014748458 -1.0024996662242003 0.9298962988608028 0.0 -0.41155295437319855 -0.8645237199781618 -0.5349559104801316
0 0 0 0 0 0 0 1 0 0 0 0 -1.0834726777719228 -1.0703016269177947 0.9980749029969379 0.0 -0.41155295437319855 -0.8559788960780426 -0.5349559104801316
0 0 0 0 0 0 0 1 0 0 0 0 -0.9390096540689997 -1.0703016269177947 1.0321642050650055 0.0 -0.8756555171019945 -0.9157926633788777 -0.5349559104801316
0 0 0 0 0 0 0 1 0 0 0 0 -0.7945466303660766 -0.7312918234498228 0.8617176947246679 0.0 -0.8756555171019945 -0.9328823111791162 -0.5349559104801316
0 0 0 0 0 0 0 1 0 0 0 0 -0.6500836066631536 -0.12107417720747353 0.28219955956751996 0.0 -0.8756555171019945 0.2548482109374663 -0.5349559104801316
0 0 0 0 0 0 0 1 0 0 0 0 -0.5056205829602306 0.15013366556690394 0.009485143022979776 0.0 -0.8756555171019945 -0.3689239337712425 -0.5349559104801316
0 0 0 0 0 0 0 1 0 0 0 0 -0.3611575592573076 0.8281532725028475 -0.5018543879980331 0.0 -0.8756555171019945 -0.02713097776647058 -0.5349559104801316
0 0 0 0 0 0 0 1 0 0 0 0 -0.21669453555438453 1.3705689580516025 -0.9791046169509784 0.0 0.5166521710843933 0.40011021723949436 -0.5349559104801316
0 0 0 0 0 0 0 1 0 0 0 0 -0.07223151185146151 1.6417768008259799 -1.2518190334955186 0.0 0.9807547338131893 1.3742201418530944 -0.5349559104801316
0 0 0 0 0 0 0 1 0 0 0 0 0.07223151185146151 1.5739748401323856 -1.285908335563586 0.0 1.908959859270781 0.9555237707472488 -0.5349559104801316
0 0 0 0 0 0 0 1 0 0 0 0 0.21669453555438453 1.7095787615195743 -1.354086939699721 0.0 1.4448572965419852 0.7162687015439084 -0.5349559104801316
0 0 0 0 0 0 0 1 0 0 0 0 0.3611575592573076 1.7773807222131688 -1.422265543835856 0.0 1.4448572965419852 1.0836961292490384 -0.5349559104801316
0 0 0 0 0 0 0 1 0 0 0 0 0.5056205829602306 1.7095787615195743 -1.3881762417677885 0.0 0.9807547338131893 0.878620355646175 -0.5349559104801316
0 0 0 0 0 0 0 1 0 0 0 0 0.6500836066631536 1.7095787615195743 -1.354086939699721 0.0 0.9807547338131893 0.6137308147424768 -0.5349559104801316
0 0 0 0 0 0 0 1 0 0 0 0 0.7945466303660766 1.6417768008259799 -1.285908335563586 0.0 0.05254960835559739 0.502648104040926 -0.5349559104801316
0 0 0 0 0 0 0 1 0 0 0 0 0.9390096540689997 1.2349650366644138 -1.1154618252232484 0.0 -0.41155295437319855 0.5710066952418803 -0.5349559104801316
0 0 0 0 0 0 0 1 0 0 0 0 1.0834726777719228 0.353539547647687 -0.16096136731735783 0.0 -0.8756555171019945 -0.9157926633788777 -0.5349559104801316
0 0 0 0 0 0 0 1 0 0 0 0 1.2279357014748458 -0.05327221651387917 0.31628886163558745 0.0 -0.8756555171019945 -0.3005653425702881 -0.5349559104801316
0 0 0 0 0 0 0 1 0 0 0 0 1.3723987251777687 -0.32448005928825663 0.5549139761120602 0.0 0.05254960835559739 -0.5483652356737478 -0.5349559104801316
0 0 0 0 0 0 0 1 0 0 0 0 1.5168617488806917 -0.5278859413690398 0.6571818823162627 0.0 -0.8756555171019945 -0.18948263186873726 -0.5349559104801316
0 0 0 0 0 0 0 1 0 0 0 0 1.6613247725836149 -0.6634898627562285 0.7253604864523977 0.0 0.05254960835559739 -1.1123236130816214 -0.5349559104801316
0 0 0 0 0 0 0 1 0 0 0 0 -1.6613247725836149 -0.7990937841434171 0.8276283926566003 0.0 -0.41155295437319855 -0.838889248277804 0.8521464503296383
0 0 0 0 0 0 0 1 0 0 0 0 -1.5168617488806917 -0.8668957448370116 0.9298962988608028 0.0 -0.8756555171019945 0.032682789534364515 0.8521464503296383
0 0 0 0 0 0 0 1 0 0 0 0 -1.3723987251777687 -1.0024996662242003 0.9980749029969379 0.0 -0.8756555171019945 1.681833802257389 0.8521464503296383
0 0 0 0 0 0 0 1 0 0 0 0 -1.2279357014748458 -1.138103587611389 1.134432111269208 0.0 -0.8756555171019945 0.5966411669422382 0.8521464503296383
0 0 0 0 0 0 0 1 0 0 0 0 -1.0834726777719228 -1.2059055483049834 1.1685214133372754 0.0 -0.41155295437319855 -1.2063166759829338 0.8521464503296383
0 0 0 0 0 0 0 1 0 0 0 0 -0.9390096540689997 -1.2059055483049834 1.1685214133372754 0.0 -0.41155295437319855 -1.1123236130816214 0.8521464503296383
0 0 0 0 0 0 0 1 0 0 0 0 -0.7945466303660766 -0.9346977055306059 1.0321642050650055 0.0 -0.8756555171019945 -1.1721373803824566 -0.5349559104801316
0 0 0 0 0 0 0 1 0 0 0 0 -0.6500836066631536 0.014529744179715195 0.009485143022979776 0.0 -0.8756555171019945 -0.9670616067795934 -0.5349559104801316
0 0 0 0 0 0 0 1 0 0 0 0 -0.5056205829602306 0.6247473904220645 -0.3995864817938305 0.0 -0.8756555171019945 0.5795515191419996 -0.5349559104801316
0 0 0 0 0 0 0 1 0 0 0 0 -0.3611575592573076 1.0993611152772251 -0.7404795024745057 0.0 -0.41155295437319855 0.904254827346533 -0.5349559104801316
0 0 0 0 0 0 0 1 0 0 0 0 -0.21669453555438453 1.5739748401323856 -1.0472832210871135 0.0 0.5166521710843933 0.0924965568351996 -0.5349559104801316
0 0 0 0 0 0 0 1 0 0 0 0 -0.07223151185146151 1.7773807222131688 -1.354086939699721 0.0 0.5166521710843933 0.733358349344147 -0.5349559104801316
0 0 0 0 0 0 0 1 0 0 0 0 0.07223151185146151 1.9129846436003575 -1.4563548459039237 0.0 1.4448572965419852 0.40865504113961365 -0.5349559104801316
0 0 0 0 0 0 0 1 0 0 0 0 0.21669453555438453 2.1163905256811404 -1.6949799603803963 0.0 1.908959859270781 0.9384341229470101 -0.5349559104801316
0 0 0 0 0 0 0 1 0 0 0 0 0.3611575592573076 2.048588564987546 -1.6268013562442611 0.0 1.4448572965419852 1.3827649657532137 -0.5349559104801316
0 0 0 0 0 0 0 1 0 0 0 0 0.5056205829602306 1.845182682906763 -1.5586227521081262 0.0 0.5166521710843933 1.3314960223524979 -0.5349559104801316
0 0 0 0 0 0 0 1 0 0 0 0 0.6500836066631536 1.845182682906763 -1.5245334500400587 0.0 -0.41155295437319855 0.8615307078459364 -0.5349559104801316
0 0 0 0 0 0 0 1 0 0 0 0 0.7945466303660766 1.7773807222131688 -1.5586227521081262 0.0 0.05254960835559739 0.6308204625427154 -0.5349559104801316
0 0 0 0 0 0 0 1 0 0 0 0 0.9390096540689997 1.5061728794387912 -1.5245334500400587 0.0 -0.41155295437319855 0.7162687015439084 -0.5349559104801316
0 0 0 0 0 0 0 1 0 0 0 0 1.0834726777719228 0.42134150834128137 -0.7745688045425733 0.0 -0.8756555171019945 -1.2319511476832916 -0.5349559104801316
0 0 0 0 0 0 0 1 0 0 0 0 1.2279357014748458 -0.05327221651387917 -0.36549717972576296 0.0 -0.41155295437319855 -1.1977718520828144 -0.5349559104801316
0 0 0 0 0 0 0 1 0 0 0 0 1.3723987251777687 -0.2566780985946623 -0.16096136731735783 0.0 -0.8756555171019945 -1.00978572628019 -0.5349559104801316
0 0 0 0 0 0 0 1 0 0 0 0 1.5168617488806917 -0.46008398067544537 0.14584235129524986 0.0 -0.41155295437319855 -1.095233965281383 -0.5349559104801316
0 0 0 0 0 0 0 1 0 0 0 0 1.6613247725836149 -0.46008398067544537 0.17993165336331737 0.0 -0.41155295437319855 -0.838889248277804 -0.5349559104801316
0 0 0 0 0 0 0 1 0 0 0 0 -1.6613247725836149 -0.46008398067544537 0.24811025749945242 0.0 -0.41155295437319855 0.23775856313722768 -0.5349559104801316
0 0 0 0 0 0 0 1 0 0 0 0 -1.5168617488806917 -0.46008398067544537 0.28219955956751996 0.0 -0.41155295437319855 1.5707510915558383 -0.5349559104801316
0 0 0 0 0 0 0 1 0 0 0 0 -1.3723987251777687 -0.39228201998185097 0.28219955956751996 0.0 -0.8756555171019945 -0.4885514683729127 -0.5349559104801316
0 0 0 0 0 0 0 1 0 0 0 0 -1.2279357014748458 -0.46008398067544537 0.3844674657717225 0.0 -0.8756555171019945 -0.6679927702754179 -0.5349559104801316
0 0 0 0 0 0 0 1 0 0 0 0 -1.0834726777719228 -0.5278859413690398 0.5208246740439926 0.0 -0.8756555171019945 0.39156539333937507 -0.5349559104801316
0 0 0 0 0 0 0 1 0 0 0 0 -0.9390096540689997 -0.5956879020626341 0.4867353719759251 0.0 -0.41155295437319855 -0.44582734887231623 -0.5349559104801316
0 0 0 0 0 0 0 1 0 0 0 0 -0.7945466303660766 -0.2566780985946623 0.28219955956751996 0.0 -0.41155295437319855 -1.1977718520828144 -0.5349559104801316
0 0 0 0 0 0 0 1 0 0 0 0 -0.6500836066631536 0.08233170487330956 0.07766374715911482 0.0 -0.41155295437319855 1.6049303871563154 -0.5349559104801316
0 0 0 0 0 0 0 1 0 0 0 0 -0.5056205829602306 0.48914346903487577 -0.12687206524929032 0.0 -0.8756555171019945 -1.3173993866844846 -0.5349559104801316
0 0 0 0 0 0 0 1 0 0 0 0 -0.3611575592573076 0.48914346903487577 -0.16096136731735783 0.0 -0.41155295437319855 -1.1379580847819795 -0.5349559104801316
0 0 0 0 0 0 0 1 0 0 0 0 -0.21669453555438453 0.353539547647687 -0.024604159045087746 0.0 -0.8756555171019945 -0.6338134746749408 -0.5349559104801316
0 0 0 0 0 0 0 1 0 0 0 0 -0.07223151185146151 0.353539547647687 -0.12687206524929032 0.0 -0.41155295437319855 1.2973167267520207 -0.5349559104801316
0 0 0 0 0 0 0 1 0 0 0 0 0.07223151185146151 0.2857375869540927 0.2140209554313849 0.0 -0.41155295437319855 -0.6423582985750601 -0.5349559104801316
0 0 0 0 0 0 0 1 0 0 0 0 0.21669453555438453 0.5569454297284702 -0.5018543879980331 0.0 0.5166521710843933 1.1007857770492768 -0.5349559104801316
0 0 0 0 0 0 0 1 0 0 0 0 0.3611575592573076 0.6247473904220645 -0.7063902004064382 0.0 1.4448572965419852 0.7419031732442662 -0.5349559104801316
0 0 0 0 0 0 0 1 0 0 0 0 0.5056205829602306 0.7603513118092532 -0.6382115962703031 0.0 1.908959859270781 0.22066891533698907 -0.5349559104801316
0 0 0 0 0 0 0 1 0 0 0 0 0.6500836066631536 0.6925493511156589 -0.6723008983383707 0.0 1.908959859270781 0.46846880844044875 -0.5349559104801316
0 0 0 0 0 0 0 1 0 0 0 0 0.7945466303660766 0.6247473904220645 -0.6723008983383707 0.0 1.908959859270781 0.5111929279410452 -0.5349559104801316
0 0 0 0 0 0 0 1 0 0 0 0 0.9390096540689997 0.6925493511156589 -0.8086581066106407 0.0 0.5166521710843933 0.9982478902478452 2.239248811139408
0 0 0 0 0 0 0 1 0 0 0 0 1.0834726777719228 0.2857375869540927 -0.6382115962703031 0.0 -0.41155295437319855 0.28902750653794346 2.239248811139408
0 0 0 0 0 0 0 1 0 0 0 0 1.2279357014748458 -0.39228201998185097 0.17993165336331737 0.0 -0.8756555171019945 -1.0012409023800706 2.239248811139408
0 0 0 0 0 0 0 1 0 0 0 0 1.3723987251777687 -0.6634898627562285 0.41855676783979 0.0 -0.8756555171019945 1.7160130978578663 2.239248811139408
0 0 0 0 0 0 0 1 0 0 0 0 1.5168617488806917 -0.9346977055306059 0.6230925802481951 0.0 -0.41155295437319855 -1.0866891413812636 2.239248811139408
0 0 0 0 0 0 0 1 0 0 0 0 1.6613247725836149 -1.2059055483049834 0.8958069967927353 0.0 -0.8756555171019945 -0.5910893551743442 2.239248811139408