0 0 0 0 0 0 1 0 0 0 0 0 -1.6613247725836149 -1.0024996662242003 0.6912711843843302 0.0 -0.41155295437319855 -0.9072478394787583 -0.5349559104801316
0 0 0 0 0 0 1 0 0 0 0 0 -1.5168617488806917 -1.138103587611389 0.5549139761120602 0.0 0.05254960835559739 -1.180682204282576 -0.5349559104801316
0 0 0 0 0 0 1 0 0 0 0 0 -1.3723987251777687 -1.2737075089985777 0.7935390905885328 0.0 -0.8756555171019945 -0.753441009276611 -0.5349559104801316
0 0 0 0 0 0 1 0 0 0 0 0 -1.2279357014748458 -1.2737075089985777 0.7594497885204653 0.0 -0.8756555171019945 -0.9328823111791162 -0.5349559104801316
0 0 0 0 0 0 1 0 0 0 0 0 -1.0834726777719228 -1.341509469692172 0.8958069967927353 0.0 0.5166521710843933 -1.2746752671838881 -0.5349559104801316
0 0 0 0 0 0 1 0 0 0 0 0 -0.9390096540689997 -1.341509469692172 0.8958069967927353 0.0 -0.41155295437319855 -1.189227028182695 -0.5349559104801316
0 0 0 0 0 0 1 0 0 0 0 0 -0.7945466303660766 -0.7990937841434171 0.4867353719759251 0.0 0.05254960835559739 -0.5312755878735091 -0.5349559104801316
0 0 0 0 0 0 1 0 0 0 0 0 -0.6500836066631536 0.014529744179715195 -0.3995864817938305 0.0 -0.8756555171019945 0.45992398454032946 -0.5349559104801316
0 0 0 0 0 0 1 0 0 0 0 0 -0.5056205829602306 0.48914346903487577 -0.6723008983383707 0.0 0.05254960835559739 1.134965072649754 -0.5349559104801316
0 0 0 0 0 0 1 0 0 0 0 0 -0.3611575592573076 1.0993611152772251 -1.149551127291316 0.0 0.05254960835559739 0.160855148036154 -0.5349559104801316
0 0 0 0 0 0 1 0 0 0 0 0 -0.21669453555438453 1.5061728794387912 -1.285908335563586 0.0 0.5166521710843933 0.1181310285355575 -0.5349559104801316
0 0 0 0 0 0 1 0 0 0 0 0 -0.07223151185146151 1.7773807222131688 -1.4904441479719912 0.0 0.9807547338131893 0.0924965568351996 -0.5349559104801316
0 0 0 0 0 0 1 0 0 0 0 0 0.07223151185146151 1.9129846436003575 -1.5586227521081262 0.0 0.9807547338131893 0.015593141734125916 -0.5349559104801316
0 0 0 0 0 0 1 0 0 0 0 0 0.21669453555438453 1.9807866042939517 -1.6268013562442611 0.0 1.908959859270781 0.8957100034464137 -0.5349559104801316
0 0 0 0 0 0 1 0 0 0 0 0 0.3611575592573076 2.048588564987546 -1.6608906583123288 0.0 2.837164984728373 1.2887719028519014 -0.5349559104801316
0 0 0 0 0 0 1 0 0 0 0 0 0.5056205829602306 1.9129846436003575 -1.6608906583123288 0.0 1.908959859270781 0.9555237707472488 -0.5349559104801316
0 0 0 0 0 0 1 0 0 0 0 0 0.6500836066631536 1.7095787615195743 -1.6608906583123288 0.0 3.3012675474571687 1.3742201418530944 -0.5349559104801316
0 0 0 0 0 0 1 0 0 0 0 0 0.7945466303660766 1.5739748401323856 -1.7972478665845988 0.0 2.837164984728373 1.2631374311515435 -0.5349559104801316
0 0 0 0 0 0 1 0 0 0 0 0 0.9390096540689997 1.302766997358008 -1.7290692624484638 0.0 -0.41155295437319855 1.391309789653333 -0.5349559104801316
0 0 0 0 0 0 1 0 0 0 0 0 1.0834726777719228 0.353539547647687 -1.2518190334955186 0.0 0.05254960835559739 -1.00978572628019 -0.5349559104801316
0 0 0 0 0 0 1 0 0 0 0 0 1.2279357014748458 -0.32448005928825663 -0.7063902004064382 0.0 -0.8756555171019945 -1.043965021880667 -0.5349559104801316
0 0 0 0 0 0 1 0 0 0 0 0 1.3723987251777687 -0.5956879020626341 -0.3995864817938305 0.0 0.5166521710843933 -1.00978572628019 -0.5349559104801316
0 0 0 0 0 0 1 0 0 0 0 0 1.5168617488806917 -0.7990937841434171 -0.12687206524929032 0.0 -0.8756555171019945 -0.5056411161731513 -0.5349559104801316
0 0 0 0 0 0 1 0 0 0 0 0 1.6613247725836149 -0.9346977055306059 -0.024604159045087746 0.0 -0.41155295437319855 -1.0781443174811443 -0.5349559104801316
0 0 0 0 0 0 1 0 0 0 0 0 -1.6613247725836149 -1.0024996662242003 0.11175304922718234 0.0 -0.41155295437319855 -1.1037787891815023 -0.5349559104801316
0 0 0 0 0 0 1 0 0 0 0 0 -1.5168617488806917 -1.138103587611389 0.350378163703655 0.0 -0.8756555171019945 -0.7448961853764917 -0.5349559104801316
0 0 0 0 0 0 1 0 0 0 0 0 -1.3723987251777687 -1.2737075089985777 0.5890032781801277 0.0 -0.8756555171019945 -0.9328823111791162 -0.5349559104801316
0 0 0 0 0 0 1 0 0 0 0 0 -1.2279357014748458 -1.4093114303857666 0.6912711843843302 0.0 -0.41155295437319855 -1.1977718520828144 -0.5349559104801316
0 0 0 0 0 0 1 0 0 0 0 0 -1.0834726777719228 -1.4771133910793608 0.8276283926566003 0.0 -0.41155295437319855 -1.1977718520828144 -0.5349559104801316
0 0 0 0 0 0 1 0 0 0 0 0 -0.9390096540689997 -1.4771133910793608 0.8958069967927353 0.0 -0.8756555171019945 -0.01858615386635128 -0.5349559104801316
0 0 0 0 0 0 1 0 0 0 0 0 -0.7945466303660766 -0.9346977055306059 0.45264606990785755 0.0 -0.41155295437319855 -0.8645237199781618 -0.5349559104801316
0 0 0 0 0 0 1 0 0 0 0 0 -0.6500836066631536 -0.05327221651387917 -0.5018543879980331 0.0 -0.8756555171019945 0.4342895128399715 -0.5349559104801316
0 0 0 0 0 0 1 0 0 0 0 0 -0.5056205829602306 0.48914346903487577 -0.8768367107467758 0.0 -0.41155295437319855 -1.069599493581025 -0.5349559104801316
0 0 0 0 0 0 1 0 0 0 0 0 -0.3611575592573076 0.9637571938900363 -1.1154618252232484 0.0 0.05254960835559739 0.39156539333937507 -0.5349559104801316
0 0 0 0 0 0 1 0 0 0 0 0 -0.21669453555438453 1.302766997358008 -1.285908335563586 0.0 1.4448572965419852 1.5451166198554804 -0.5349559104801316
0 0 0 0 0 0 1 0 0 0 0 0 -0.07223151185146151 1.6417768008259799 -1.4904441479719912 0.0 0.05254960835559739 0.33175162603853997 -0.5349559104801316
0 0 0 0 0 0 1 0 0 0 0 0 0.07223151185146151 1.7773807222131688 -1.6268013562442611 0.0 0.9807547338131893 -0.30911016647040745 -0.5349559104801316
0 0 0 0 0 0 1 0 0 0 0 0 0.21669453555438453 1.9129846436003575 -1.6268013562442611 0.0 0.9807547338131893 -0.13821368846802146 -0.5349559104801316
0 0 0 0 0 0 1 0 0 0 0 0 0.3611575592573076 1.9807866042939517 -1.6949799603803963 0.0 1.908959859270781 0.4941032801408066 -0.5349559104801316
0 0 0 0 0 0 1 0 0 0 0 0 0.5056205829602306 1.9129846436003575 -1.6608906583123288 0.0 2.373062421999577 1.3314960223524979 -0.5349559104801316
0 0 0 0 0 0 1 0 0 0 0 0 0.6500836066631536 1.845182682906763 -1.5927120541761937 0.0 1.908959859270781 1.4254890852538102 -0.5349559104801316
0 0 0 0 0 0 1 0 0 0 0 0 0.7945466303660766 1.6417768008259799 -1.5586227521081262 0.0 2.373062421999577 1.3400408462526172 -0.5349559104801316
0 0 0 0 0 0 1 0 0 0 0 0 0.9390096540689997 1.5061728794387912 -1.4563548459039237 0.0 1.4448572965419852 1.3998546135534522 -0.5349559104801316
0 0 0 0 0 0 1 0 0 0 0 0 1.0834726777719228 0.9637571938900363 -1.285908335563586 0.0 -0.8756555171019945 0.878620355646175 -0.5349559104801316
0 0 0 0 0 0 1 0 0 0 0 0 1.2279357014748458 0.08233170487330956 -0.6041222942022356 0.0 -0.8756555171019945 1.6134752110564348 -0.5349559104801316
0 0 0 0 0 0 1 0 0 0 0 0 1.3723987251777687 -0.32448005928825663 -0.19505066938542534 0.0 -0.8756555171019945 -0.5996341790744636 -0.5349559104801316
0 0 0 0 0 0 1 0 0 0 0 0 1.5168617488806917 -0.5956879020626341 0.07766374715911482 0.0 -0.41155295437319855 -0.9243374872789969 -0.5349559104801316
0 0 0 0 0 0 1 0 0 0 0 0 1.6613247725836149 -0.7990937841434171 0.17993165336331737 0.0 -0.41155295437319855 -1.2063166759829338 -0.5349559104801316
0 0 0 0 0 0 0 1 0 0 0 0 -1.6613247725836149 -0.9346977055306059 0.350378163703655 0.0 -0.8756555171019945 -0.984151254579832 -0.5349559104801316
0 0 0 0 0 0 0 1 0 0 0 0 -1.5168617488806917 -1.0703016269177947 0.4867353719759251 0.0 -0.8756555171019945 -1.0012409023800706 -0.5349559104801316
0 0 0 0 0 0 0 1 0 0 0 0 -1.3723987251777687 -1.2737075089985777 0.6571818823162627 0.0 -0.8756555171019945 -1.155047732582218 -0.5349559104801316
0 0 0 0 0 0 0 1 0 0 0 0 -1.2279357014748458 -1.4093114303857666 0.7935390905885328 0.0 -0.8756555171019945 -0.838889248277804 -0.5349559104801316
0 0 0 0 0 0 0 1 0 0 0 0 -1.0834726777719228 -1.5449153517729552 0.8276283926566003 0.0 -0.8756555171019945 -0.727806537576253 -0.5349559104801316
0 0 0 0 0 0 0 1 0 0 0 0 -0.9390096540689997 -1.5449153517729552 0.8958069967927353 0.0 -0.8756555171019945 -1.1208684369817408 -0.5349559104801316
0 0 0 0 0 0 0 1 0 0 0 0 -0.7945466303660766 -0.9346977055306059 0.3844674657717225 0.0 -0.8756555171019945 -1.0866891413812636 -0.5349559104801316
0 0 0 0 0 0 0 1 0 0 0 0 -0.6500836066631536 0.08233170487330956 -0.5700329921341681 0.0 -0.8756555171019945 -0.7021720658758952 -0.5349559104801316
0 0 0 0 0 0 0 1 0 0 0 0 -0.5056205829602306 0.7603513118092532 -0.9791046169509784 0.0 -0.41155295437319855 0.0924965568351996 -0.5349559104801316
0 0 0 0 0 0 0 1 0 0 0 0 -0.3611575592573076 1.2349650366644138 -1.422265543835856 0.0 -0.41155295437319855 0.075406909034961 -0.5349559104801316
0 0 0 0 0 0 0 1 0 0 0 0 -0.21669453555438453 1.438370918745197 -1.5586227521081262 0.0 0.5166521710843933 0.81880658834534 -0.5349559104801316
0 0 0 0 0 0 0 1 0 0 0 0 -0.07223151185146151 1.5061728794387912 -1.5586227521081262 0.0 0.5166521710843933 -0.5739997073741057 -0.5349559104801316
0 0 0 0 0 0 0 1 0 0 0 0 0.07223151185146151 1.6417768008259799 -1.5927120541761937 0.0 1.4448572965419852 0.33175162603853997 -0.5349559104801316
0 0 0 0 0 0 0 1 0 0 0 0 0.21669453555438453 1.6417768008259799 -1.6268013562442611 0.0 3.3012675474571687 1.416944261353691 -0.5349559104801316
0 0 0 0 0 0 0 1 0 0 0 0 0.3611575592573076 1.7095787615195743 -1.6608906583123288 0.0 1.908959859270781 1.357130494052856 -0.5349559104801316
0 0 0 0 0 0 0 1 0 0 0 0 0.5056205829602306 1.7095787615195743 -1.6268013562442611 0.0 1.908959859270781 1.4938476764547646 -0.5349559104801316
0 0 0 0 0 0 0 1 0 0 0 0 0.6500836066631536 1.7095787615195743 -1.5927120541761937 0.0 0.5166521710843933 1.3827649657532137 -0.5349559104801316
0 0 0 0 0 0 0 1 0 0 0 0 0.7945466303660766 1.5739748401323856 -1.5586227521081262 0.0 0.9807547338131893 1.562206267655719 -0.5349559104801316
0 0 0 0 0 0 0 1 0 0 0 0 0.9390096540689997 1.1671630759708194 -1.354086939699721 0.0 -0.8756555171019945 -1.325944210584604 -0.5349559104801316
0 0 0 0 0 0 0 1 0 0 0 0 1.0834726777719228 0.353539547647687 -0.8086581066106407 0.0 -0.41155295437319855 -1.2746752671838881 -0.5349559104801316
0 0 0 0 0 0 0 1 0 0 0 0 1.2279357014748458 -0.18887613790106791 -0.16096136731735783 0.0 -0.41155295437319855 -1.0183305501803093 -0.5349559104801316
0 0 0 0 0 0 0 1 0 0 0 0 1.3723987251777687 -0.5278859413690398 0.0435744450910473 0.0 -0.41155295437319855 -0.9499719589793548 -0.5349559104801316
0 0 0 0 0 0 0 1 0 0 0 0 1.5168617488806917 -0.7990937841434171 0.2140209554313849 0.0 -0.41155295437319855 -1.180682204282576 -0.5349559104801316
0 0 0 0 0 0 0 1 0 0 0 0 1.6613247725836149 -0.9346977055306059 0.3844674657717225 0.0 -0.8756555171019945 -0.6423582985750601 -0.5349559104801316