0 0 0 0 0 0 1 0 0 0 0 0 -1.6613247725836149 -0.9346977055306059 0.45264606990785755 0.0 -0.41155295437319855 -1.0354201979805477 0.15859526992475342
0 0 0 0 0 0 1 0 0 0 0 0 -1.5168617488806917 -1.0703016269177947 0.6230925802481951 0.0 -0.41155295437319855 -1.1977718520828144 0.15859526992475342
0 0 0 0 0 0 1 0 0 0 0 0 -1.3723987251777687 -1.2059055483049834 0.8276283926566003 0.0 -0.41155295437319855 -1.1123236130816214 0.15859526992475342
0 0 0 0 0 0 1 0 0 0 0 0 -1.2279357014748458 -1.4093114303857666 0.9980749029969379 0.0 -0.41155295437319855 -0.8730685438782811 0.15859526992475342
0 0 0 0 0 0 1 0 0 0 0 0 -1.0834726777719228 -1.6127173124665495 1.066253507133073 0.0 -0.8756555171019945 -1.3173993866844846 0.15859526992475342
0 0 0 0 0 0 1 0 0 0 0 0 -0.9390096540689997 -1.6127173124665495 1.1003428092011405 0.0 -0.8756555171019945 -0.7961651287772075 0.15859526992475342
0 0 0 0 0 0 1 0 0 0 0 0 -0.7945466303660766 -0.7312918234498228 0.28219955956751996 0.0 -0.8756555171019945 -0.5227307639733899 0.15859526992475342
0 0 0 0 0 0 1 0 0 0 0 0 -0.6500836066631536 -0.05327221651387917 -0.433675783861898 0.0 -0.41155295437319855 0.21212409143686978 0.15859526992475342
0 0 0 0 0 0 1 0 0 0 0 0 -0.5056205829602306 0.353539547647687 -1.0131939190190458 0.0 0.5166521710843933 0.47701363234056804 0.15859526992475342
0 0 0 0 0 0 1 0 0 0 0 0 -0.3611575592573076 0.48914346903487577 -1.285908335563586 0.0 2.837164984728373 1.160599544350112 0.15859526992475342
0 0 0 0 0 0 1 0 0 0 0 0 -0.21669453555438453 0.6247473904220645 -1.354086939699721 0.0 3.3012675474571687 1.3229511984523785 0.15859526992475342
0 0 0 0 0 0 1 0 0 0 0 0 -0.07223151185146151 0.8281532725028475 -1.422265543835856 0.0 2.837164984728373 1.2545926072514242 0.15859526992475342
0 0 0 0 0 0 1 0 0 0 0 0 0.07223151185146151 0.895955233196442 -1.422265543835856 0.0 3.3012675474571687 1.562206267655719 -0.5349559104801316
0 0 0 0 0 0 1 0 0 0 0 0 0.21669453555438453 1.0315591545836307 -1.422265543835856 0.0 1.4448572965419852 1.4340339091539296 -0.5349559104801316
0 0 0 0 0 0 1 0 0 0 0 0 0.3611575592573076 1.0993611152772251 -1.4563548459039237 0.0 1.908959859270781 1.3742201418530944 -0.5349559104801316
0 0 0 0 0 0 1 0 0 0 0 0 0.5056205829602306 1.0993611152772251 -1.4904441479719912 0.0 3.3012675474571687 1.3827649657532137 -0.5349559104801316
0 0 0 0 0 0 1 0 0 0 0 0 0.6500836066631536 1.0315591545836307 -1.4563548459039237 0.0 3.3012675474571687 1.451123556954168 -0.5349559104801316
0 0 0 0 0 0 1 0 0 0 0 0 0.7945466303660766 1.0315591545836307 -1.4563548459039237 0.0 2.373062421999577 1.365675317952975 -0.5349559104801316
0 0 0 0 0 0 1 0 0 0 0 0 0.9390096540689997 0.895955233196442 -1.4563548459039237 0.0 1.4448572965419852 1.3827649657532137 -0.5349559104801316
0 0 0 0 0 0 1 0 0 0 0 0 1.0834726777719228 0.48914346903487577 -1.3199976376316536 0.0 -0.8756555171019945 1.3144063745522594 -0.5349559104801316
0 0 0 0 0 0 1 0 0 0 0 0 1.2279357014748458 -0.39228201998185097 -0.6382115962703031 0.0 -0.8756555171019945 -0.8217996004775654 -0.5349559104801316
0 0 0 0 0 0 1 0 0 0 0 0 1.3723987251777687 -0.7990937841434171 -0.16096136731735783 0.0 -0.41155295437319855 -0.5739997073741057 -0.5349559104801316
0 0 0 0 0 0 1 0 0 0 0 0 1.5168617488806917 -1.0024996662242003 0.009485143022979776 0.0 -0.41155295437319855 -0.9670616067795934 -0.5349559104801316
0 0 0 0 0 0 1 0 0 0 0 0 1.6613247725836149 -1.2737075089985777 0.28219955956751996 0.0 -0.41155295437319855 -1.0781443174811443 -0.5349559104801316
0 0 0 0 0 0 1 0 0 0 0 0 -1.6613247725836149 -1.4093114303857666 0.45264606990785755 0.0 -0.8756555171019945 -1.2234063237831725 -0.5349559104801316
0 0 0 0 0 0 1 0 0 0 0 0 -1.5168617488806917 -1.5449153517729552 0.6230925802481951 0.0 -0.8756555171019945 -1.043965021880667 -0.5349559104801316
0 0 0 0 0 0 1 0 0 0 0 0 -1.3723987251777687 -1.680519273160144 0.6912711843843302 0.0 -0.8756555171019945 -1.00978572628019 -0.5349559104801316
0 0 0 0 0 0 1 0 0 0 0 0 -1.2279357014748458 -1.8161231945473326 0.8958069967927353 0.0 -0.41155295437319855 -0.7363513614763724 -0.5349559104801316
0 0 0 0 0 0 1 0 0 0 0 0 -1.0834726777719228 -1.8161231945473326 0.8958069967927353 0.0 -0.8756555171019945 -1.2234063237831725 -0.5349559104801316
0 0 0 0 0 0 1 0 0 0 0 0 -0.9390096540689997 -1.680519273160144 0.7594497885204653 0.0 -0.8756555171019945 -1.2148614998830531 -0.5349559104801316
0 0 0 0 0 0 1 0 0 0 0 0 -0.7945466303660766 -0.9346977055306059 0.07766374715911482 0.0 -0.41155295437319855 -0.582544531274225 -0.5349559104801316
0 0 0 0 0 0 1 0 0 0 0 0 -0.6500836066631536 -0.2566780985946623 -0.5018543879980331 0.0 -0.41155295437319855 0.45137916064021016 -0.5349559104801316
0 0 0 0 0 0 1 0 0 0 0 0 -0.5056205829602306 0.2857375869540927 -0.9109260128148433 0.0 -0.41155295437319855 -0.26638604696981094 -0.5349559104801316
0 0 0 0 0 0 1 0 0 0 0 0 -0.3611575592573076 0.6247473904220645 -1.1836404293593834 0.0 0.05254960835559739 0.502648104040926 -0.5349559104801316
0 0 0 0 0 0 1 0 0 0 0 0 -0.21669453555438453 0.7603513118092532 -1.217729731427451 0.0 0.5166521710843933 -0.5398204117736285 -0.5349559104801316
0 0 0 0 0 0 1 0 0 0 0 0 -0.07223151185146151 0.8281532725028475 -1.217729731427451 0.0 1.4448572965419852 0.3146619782383014 -0.5349559104801316
0 0 0 0 0 0 1 0 0 0 0 0 0.07223151185146151 1.0315591545836307 -1.2518190334955186 0.0 3.7653701101859647 0.20357926753675049 2.239248811139408
0 0 0 0 0 0 1 0 0 0 0 0 0.21669453555438453 0.5569454297284702 -0.9450153148829108 0.0 1.908959859270781 0.3232068021384207 2.239248811139408
0 0 0 0 0 0 1 0 0 0 0 0 0.3611575592573076 1.0315591545836307 -1.1836404293593834 0.0 0.5166521710843933 -0.17239298406849865 2.239248811139408
0 0 0 0 0 0 1 0 0 0 0 0 0.5056205829602306 1.2349650366644138 -1.3199976376316536 0.0 0.5166521710843933 1.3400408462526172 2.239248811139408
0 0 0 0 0 0 1 0 0 0 0 0 0.6500836066631536 1.0315591545836307 -1.3881762417677885 0.0 2.373062421999577 1.134965072649754 2.239248811139408
0 0 0 0 0 0 1 0 0 0 0 0 0.7945466303660766 0.9637571938900363 -1.2518190334955186 0.0 0.9807547338131893 1.4254890852538102 2.239248811139408
0 0 0 0 0 0 1 0 0 0 0 0 0.9390096540689997 0.895955233196442 -1.217729731427451 0.0 0.5166521710843933 1.7074682739577471 -0.5349559104801316
0 0 0 0 0 0 1 0 0 0 0 0 1.0834726777719228 0.353539547647687 -0.9791046169509784 0.0 -0.41155295437319855 1.681833802257389 -0.5349559104801316
0 0 0 0 0 0 1 0 0 0 0 0 1.2279357014748458 -0.39228201998185097 -0.16096136731735783 0.0 -0.8756555171019945 -1.325944210584604 -0.5349559104801316
0 0 0 0 0 0 1 0 0 0 0 0 1.3723987251777687 -0.7990937841434171 0.17993165336331737 0.0 -0.8756555171019945 -1.0012409023800706 -0.5349559104801316
0 0 0 0 0 0 1 0 0 0 0 0 1.5168617488806917 -1.138103587611389 0.45264606990785755 0.0 -0.8756555171019945 -0.838889248277804 -0.5349559104801316
0 0 0 0 0 0 1 0 0 0 0 0 1.6613247725836149 -1.341509469692172 0.6571818823162627 0.0 -0.8756555171019945 -0.6167238268747022 -0.5349559104801316
0 0 0 0 0 0 1 0 0 0 0 0 -1.6613247725836149 -1.4093114303857666 0.6912711843843302 0.0 0.05254960835559739 1.6647441544571506 0.8521464503296383
0 0 0 0 0 0 1 0 0 0 0 0 -1.5168617488806917 -1.5449153517729552 0.7594497885204653 0.0 -0.41155295437319855 1.5451166198554804 0.8521464503296383
0 0 0 0 0 0 1 0 0 0 0 0 -1.3723987251777687 -1.6127173124665495 0.8617176947246679 0.0 0.05254960835559739 -1.325944210584604 0.8521464503296383
0 0 0 0 0 0 1 0 0 0 0 0 -1.2279357014748458 -1.6127173124665495 0.9298962988608028 0.0 -0.41155295437319855 -1.1465029086820986 0.8521464503296383
0 0 0 0 0 0 1 0 0 0 0 0 -1.0834726777719228 -1.7483212338537384 1.0321642050650055 0.0 -0.8756555171019945 -0.4800066444727934 0.8521464503296383
0 0 0 0 0 0 1 0 0 0 0 0 -0.9390096540689997 -1.680519273160144 1.0321642050650055 0.0 -0.41155295437319855 -1.0354201979805477 0.8521464503296383
0 0 0 0 0 0 1 0 0 0 0 0 -0.7945466303660766 -0.9346977055306059 0.45264606990785755 0.0 -0.8756555171019945 1.647654506656912 -0.5349559104801316
0 0 0 0 0 0 1 0 0 0 0 0 -0.6500836066631536 -0.12107417720747353 -0.3314078776576954 0.0 -0.41155295437319855 1.3485856701527366 -0.5349559104801316
0 0 0 0 0 0 1 0 0 0 0 0 -0.5056205829602306 0.2857375869540927 -0.6723008983383707 0.0 0.05254960835559739 -1.1123236130816214 -0.5349559104801316
0 0 0 0 0 0 1 0 0 0 0 0 -0.3611575592573076 0.6925493511156589 -0.8768367107467758 0.0 0.05254960835559739 1.5792959154559576 -0.5349559104801316
0 0 0 0 0 0 1 0 0 0 0 0 -0.21669453555438453 0.9637571938900363 -1.1154618252232484 0.0 0.5166521710843933 0.8444410600456979 -0.5349559104801316
0 0 0 0 0 0 1 0 0 0 0 0 -0.07223151185146151 1.1671630759708194 -1.3199976376316536 0.0 1.4448572965419852 0.160855148036154 -0.5349559104801316
0 0 0 0 0 0 1 0 0 0 0 0 0.07223151185146151 1.302766997358008 -1.3199976376316536 0.0 2.373062421999577 0.015593141734125916 -0.5349559104801316
0 0 0 0 0 0 1 0 0 0 0 0 0.21669453555438453 1.302766997358008 -1.285908335563586 0.0 0.9807547338131893 0.4342895128399715 -0.5349559104801316
0 0 0 0 0 0 1 0 0 0 0 0 0.3611575592573076 1.1671630759708194 -1.217729731427451 0.0 0.9807547338131893 1.681833802257389 -0.5349559104801316
0 0 0 0 0 0 1 0 0 0 0 0 0.5056205829602306 1.438370918745197 -1.3199976376316536 0.0 1.4448572965419852 1.6561993305570313 -0.5349559104801316
0 0 0 0 0 0 1 0 0 0 0 0 0.6500836066631536 1.438370918745197 -1.3199976376316536 0.0 0.9807547338131893 1.416944261353691 -0.5349559104801316
0 0 0 0 0 0 1 0 0 0 0 0 0.7945466303660766 1.0993611152772251 -1.0472832210871135 0.0 2.373062421999577 0.24630338703734697 -0.5349559104801316
0 0 0 0 0 0 1 0 0 0 0 0 0.9390096540689997 0.7603513118092532 -0.8427474086787082 0.0 0.5166521710843933 -0.4372825249721969 -0.5349559104801316
0 0 0 0 0 0 1 0 0 0 0 0 1.0834726777719228 0.48914346903487577 -0.6041222942022356 0.0 0.05254960835559739 0.6393652864428347 -0.5349559104801316
0 0 0 0 0 0 1 0 0 0 0 0 1.2279357014748458 -0.05327221651387917 -0.22913997145349288 0.0 0.05254960835559739 1.7074682739577471 -0.5349559104801316
0 0 0 0 0 0 1 0 0 0 0 0 1.3723987251777687 -0.39228201998185097 0.07766374715911482 0.0 -0.41155295437319855 -0.9926960784799513 -0.5349559104801316
0 0 0 0 0 0 1 0 0 0 0 0 1.5168617488806917 -0.5956879020626341 0.350378163703655 0.0 -0.8756555171019945 -0.18948263186873726 -0.5349559104801316
0 0 0 0 0 0 1 0 0 0 0 0 1.6613247725836149 -0.7312918234498228 0.4867353719759251 0.0 0.05254960835559739 -1.2148614998830531 -0.5349559104801316