0 0 0 0 0 0 0 1 0 0 0 0 -1.6613247725836149 -0.6634898627562285 1.066253507133073 0.0 -0.8756555171019945 -1.1635925564823373 -0.5349559104801316
0 0 0 0 0 0 0 1 0 0 0 0 -1.5168617488806917 -0.7990937841434171 1.1685214133372754 0.0 -0.8756555171019945 -0.6765375941755373 -0.5349559104801316
0 0 0 0 0 0 0 1 0 0 0 0 -1.3723987251777687 -0.8668957448370116 1.2367000174734106 0.0 0.05254960835559739 1.6732889783572698 -0.5349559104801316
0 0 0 0 0 0 0 1 0 0 0 0 -1.2279357014748458 -1.0024996662242003 1.2707893195414781 0.0 -0.8756555171019945 -0.5654548834739864 -0.5349559104801316
0 0 0 0 0 0 0 1 0 0 0 0 -1.0834726777719228 -1.138103587611389 1.3048786216095456 0.0 -0.8756555171019945 -1.1037787891815023 -0.5349559104801316
0 0 0 0 0 0 0 1 0 0 0 0 -0.9390096540689997 -1.2059055483049834 1.338967923677613 0.0 -0.8756555171019945 -0.5398204117736285 -0.5349559104801316
0 0 0 0 0 0 0 1 0 0 0 0 -0.7945466303660766 -0.8668957448370116 1.202610715405343 0.0 -0.8756555171019945 -0.20657227966897584 -0.5349559104801316
0 0 0 0 0 0 0 1 0 0 0 0 -0.6500836066631536 -0.12107417720747353 0.3844674657717225 0.0 -0.8756555171019945 0.7589928210445049 -0.5349559104801316
0 0 0 0 0 0 0 1 0 0 0 0 -0.5056205829602306 0.21793562626049828 -0.024604159045087746 0.0 0.05254960835559739 0.1437655002359154 -0.5349559104801316
0 0 0 0 0 0 0 1 0 0 0 0 -0.3611575592573076 0.48914346903487577 -0.36549717972576296 0.0 0.05254960835559739 0.1950344436366312 -0.5349559104801316
0 0 0 0 0 0 0 1 0 0 0 0 -0.21669453555438453 0.6925493511156589 -0.6041222942022356 0.0 0.05254960835559739 1.4938476764547646 -0.5349559104801316
0 0 0 0 0 0 0 1 0 0 0 0 -0.07223151185146151 0.895955233196442 -0.7404795024745057 0.0 0.9807547338131893 0.160855148036154 -0.5349559104801316
0 0 0 0 0 0 0 1 0 0 0 0 0.07223151185146151 0.5569454297284702 -0.3314078776576954 0.0 1.4448572965419852 0.6051859908423575 -0.5349559104801316
0 0 0 0 0 0 0 1 0 0 0 0 0.21669453555438453 0.6925493511156589 -0.8086581066106407 0.0 -0.41155295437319855 0.7931721166449821 -0.5349559104801316
0 0 0 0 0 0 0 1 0 0 0 0 0.3611575592573076 1.0993611152772251 -0.8427474086787082 0.0 0.9807547338131893 0.7846272927448628 -0.5349559104801316
0 0 0 0 0 0 0 1 0 0 0 0 0.5056205829602306 0.895955233196442 -0.8427474086787082 0.0 0.5166521710843933 0.8358962361455786 -0.5349559104801316
0 0 0 0 0 0 0 1 0 0 0 0 0.6500836066631536 0.8281532725028475 -0.7404795024745057 0.0 1.908959859270781 1.3314960223524979 -0.5349559104801316
0 0 0 0 0 0 0 1 0 0 0 0 0.7945466303660766 0.48914346903487577 -0.3995864817938305 0.0 0.9807547338131893 1.2375029594511857 -0.5349559104801316
0 0 0 0 0 0 0 1 0 0 0 0 0.9390096540689997 0.353539547647687 -0.19505066938542534 0.0 -0.41155295437319855 1.0153375380480838 -0.5349559104801316
0 0 0 0 0 0 0 1 0 0 0 0 1.0834726777719228 -0.05327221651387917 0.41855676783979 0.0 -0.8756555171019945 0.6308204625427154 -0.5349559104801316
0 0 0 0 0 0 0 1 0 0 0 0 1.2279357014748458 -0.46008398067544537 0.8958069967927353 0.0 0.05254960835559739 -1.2490407954835303 -0.5349559104801316
0 0 0 0 0 0 0 1 0 0 0 0 1.3723987251777687 -0.5956879020626341 0.9980749029969379 0.0 -0.41155295437319855 -1.2234063237831725 -0.5349559104801316
0 0 0 0 0 0 0 1 0 0 0 0 1.5168617488806917 -0.7312918234498228 1.134432111269208 0.0 -0.8756555171019945 -1.155047732582218 -0.5349559104801316
0 0 0 0 0 0 0 1 0 0 0 0 1.6613247725836149 -0.9346977055306059 1.2367000174734106 0.0 -0.8756555171019945 -0.9157926633788777 -0.5349559104801316
0 0 0 0 0 0 0 1 0 0 0 0 -1.6613247725836149 -1.0703016269177947 1.2707893195414781 0.0 -0.8756555171019945 -1.2661304432837688 -0.5349559104801316
0 0 0 0 0 0 0 1 0 0 0 0 -1.5168617488806917 -1.138103587611389 1.2707893195414781 0.0 -0.8756555171019945 -1.2661304432837688 -0.5349559104801316
0 0 0 0 0 0 0 1 0 0 0 0 -1.3723987251777687 -1.2737075089985777 1.3048786216095456 0.0 -0.41155295437319855 -1.2490407954835303 -0.5349559104801316
0 0 0 0 0 0 0 1 0 0 0 0 -1.2279357014748458 -1.341509469692172 1.3048786216095456 0.0 -0.8756555171019945 -0.7961651287772075 -0.5349559104801316
0 0 0 0 0 0 0 1 0 0 0 0 -1.0834726777719228 -1.341509469692172 1.338967923677613 0.0 -0.8756555171019945 -0.7448961853764917 -0.5349559104801316
0 0 0 0 0 0 0 1 0 0 0 0 -0.9390096540689997 -1.4093114303857666 1.338967923677613 0.0 -0.8756555171019945 -1.1208684369817408 -0.5349559104801316
0 0 0 0 0 0 0 1 0 0 0 0 -0.7945466303660766 -1.0024996662242003 1.338967923677613 0.0 -0.8756555171019945 -1.1635925564823373 -0.5349559104801316
0 0 0 0 0 0 0 1 0 0 0 0 -0.6500836066631536 -0.12107417720747353 0.3844674657717225 0.0 -0.8756555171019945 0.3232068021384207 -0.5349559104801316
0 0 0 0 0 0 0 1 0 0 0 0 -0.5056205829602306 0.353539547647687 -0.09278276318122279 0.0 0.05254960835559739 0.42574468893985223 -0.5349559104801316
0 0 0 0 0 0 0 1 0 0 0 0 -0.3611575592573076 0.6925493511156589 -0.5018543879980331 0.0 -0.41155295437319855 -0.6423582985750601 -0.5349559104801316
0 0 0 0 0 0 0 1 0 0 0 0 -0.21669453555438453 0.8281532725028475 -0.7404795024745057 0.0 0.9807547338131893 0.9127996512466523 -0.5349559104801316
0 0 0 0 0 0 0 1 0 0 0 0 -0.07223151185146151 0.6925493511156589 -0.8768367107467758 0.0 1.908959859270781 1.1520547204499927 -0.5349559104801316
0 0 0 0 0 0 0 1 0 0 0 0 0.07223151185146151 0.895955233196442 -1.1154618252232484 0.0 0.9807547338131893 0.989703066347726 -0.5349559104801316
0 0 0 0 0 0 0 1 0 0 0 0 0.21669453555438453 0.9637571938900363 -1.081372523155181 0.0 2.373062421999577 1.1862340160504699 -0.5349559104801316
0 0 0 0 0 0 0 1 0 0 0 0 0.3611575592573076 0.7603513118092532 -0.9109260128148433 0.0 1.908959859270781 1.1264202487496346 -0.5349559104801316
0 0 0 0 0 0 0 1 0 0 0 0 0.5056205829602306 0.5569454297284702 -0.8086581066106407 0.0 1.4448572965419852 0.9469789468471295 -0.5349559104801316
0 0 0 0 0 0 0 1 0 0 0 0 0.6500836066631536 -0.2566780985946623 0.6230925802481951 0.0 -0.41155295437319855 0.36593092163901714 -0.5349559104801316
0 0 0 0 0 0 0 1 0 0 0 0 0.7945466303660766 -0.46008398067544537 1.202610715405343 0.0 0.05254960835559739 0.40011021723949436 -0.5349559104801316
0 0 0 0 0 0 0 1 0 0 0 0 0.9390096540689997 -0.32448005928825663 0.8276283926566003 0.0 -0.41155295437319855 0.3061171543381821 0.15859526992475342
0 0 0 0 0 0 0 1 0 0 0 0 1.0834726777719228 -0.5278859413690398 1.2367000174734106 0.0 -0.41155295437319855 -1.1123236130816214 0.15859526992475342
0 0 0 0 0 0 0 1 0 0 0 0 1.2279357014748458 -0.7312918234498228 1.3048786216095456 0.0 -0.8756555171019945 -1.043965021880667 0.15859526992475342
0 0 0 0 0 0 0 1 0 0 0 0 1.3723987251777687 -0.9346977055306059 1.338967923677613 0.0 -0.8756555171019945 -0.5483652356737478 0.15859526992475342
0 0 0 0 0 0 0 1 0 0 0 0 1.5168617488806917 -1.0703016269177947 1.338967923677613 0.0 -0.8756555171019945 -0.3945584054716004 0.15859526992475342
0 0 0 0 0 0 0 1 0 0 0 0 1.6613247725836149 -1.2059055483049834 1.338967923677613 0.0 -0.41155295437319855 -1.1379580847819795 0.15859526992475342
0 0 0 0 0 0 0 1 0 0 0 0 -1.6613247725836149 -1.138103587611389 1.338967923677613 0.0 -0.41155295437319855 -0.9414271350792355 2.239248811139408
0 0 0 0 0 0 0 1 0 0 0 0 -1.5168617488806917 -1.2059055483049834 1.338967923677613 0.0 -0.8756555171019945 -0.6167238268747022 2.239248811139408
0 0 0 0 0 0 0 1 0 0 0 0 -1.3723987251777687 -1.2059055483049834 1.338967923677613 0.0 0.05254960835559739 1.5707510915558383 2.239248811139408
0 0 0 0 0 0 0 1 0 0 0 0 -1.2279357014748458 -1.2059055483049834 1.338967923677613 0.0 -0.8756555171019945 -0.9414271350792355 2.239248811139408
0 0 0 0 0 0 0 1 0 0 0 0 -1.0834726777719228 -1.138103587611389 1.338967923677613 0.0 0.05254960835559739 -0.6765375941755373 2.239248811139408
0 0 0 0 0 0 0 1 0 0 0 0 -0.9390096540689997 -1.2059055483049834 1.338967923677613 0.0 -0.41155295437319855 -0.7107168897760144 2.239248811139408
0 0 0 0 0 0 0 1 0 0 0 0 -0.7945466303660766 -1.0703016269177947 1.338967923677613 0.0 -0.41155295437319855 -0.5398204117736285 0.15859526992475342
0 0 0 0 0 0 0 1 0 0 0 0 -0.6500836066631536 -0.7312918234498228 1.3048786216095456 0.0 -0.41155295437319855 -0.32619981427064604 0.15859526992475342
0 0 0 0 0 0 0 1 0 0 0 0 -0.5056205829602306 -0.18887613790106791 0.8276283926566003 0.0 0.05254960835559739 -0.8217996004775654 0.15859526992475342
0 0 0 0 0 0 0 1 0 0 0 0 -0.3611575592573076 0.21793562626049828 -0.5359436900661005 0.0 2.373062421999577 1.0324271858483225 0.15859526992475342
0 0 0 0 0 0 0 1 0 0 0 0 -0.21669453555438453 0.2857375869540927 -0.6382115962703031 0.0 2.373062421999577 1.1776891921503505 0.15859526992475342
0 0 0 0 0 0 0 1 0 0 0 0 -0.07223151185146151 0.353539547647687 -0.7745688045425733 0.0 2.373062421999577 1.0922409531491575 0.15859526992475342
0 0 0 0 0 0 0 1 0 0 0 0 0.07223151185146151 0.48914346903487577 -0.8427474086787082 0.0 1.908959859270781 1.1264202487496346 0.15859526992475342
0 0 0 0 0 0 0 1 0 0 0 0 0.21669453555438453 0.48914346903487577 -0.9450153148829108 0.0 2.373062421999577 0.964068594647368 0.15859526992475342
0 0 0 0 0 0 0 1 0 0 0 0 0.3611575592573076 0.6247473904220645 -0.9791046169509784 0.0 2.837164984728373 0.8700755317460558 0.15859526992475342
0 0 0 0 0 0 0 1 0 0 0 0 0.5056205829602306 0.5569454297284702 -0.9791046169509784 0.0 2.373062421999577 1.0666064814487997 0.15859526992475342
0 0 0 0 0 0 0 1 0 0 0 0 0.6500836066631536 0.5569454297284702 -0.9450153148829108 0.0 2.373062421999577 1.220413311650947 0.15859526992475342
0 0 0 0 0 0 0 1 0 0 0 0 0.7945466303660766 0.5569454297284702 -0.9791046169509784 0.0 1.908959859270781 1.1007857770492768 0.15859526992475342
0 0 0 0 0 0 0 1 0 0 0 0 0.9390096540689997 0.42134150834128137 -0.9109260128148433 0.0 0.9807547338131893 1.0153375380480838 1.5456976307345232
0 0 0 0 0 0 0 1 0 0 0 0 1.0834726777719228 -0.12107417720747353 -0.433675783861898 0.0 0.05254960835559739 -1.2490407954835303 1.5456976307345232
0 0 0 0 0 0 0 1 0 0 0 0 1.2279357014748458 -0.6634898627562285 0.350378163703655 0.0 -0.8756555171019945 -0.7448961853764917 1.5456976307345232
0 0 0 0 0 0 0 1 0 0 0 0 1.3723987251777687 -1.0024996662242003 0.7935390905885328 0.0 -0.8756555171019945 -1.095233965281383 1.5456976307345232
0 0 0 0 0 0 0 1 0 0 0 0 1.5168617488806917 -1.138103587611389 0.9639856009288704 0.0 -0.41155295437319855 -0.9926960784799513 1.5456976307345232
0 0 0 0 0 0 0 1 0 0 0 0 1.6613247725836149 -1.341509469692172 1.066253507133073 0.0 0.05254960835559739 -1.189227028182695 1.5456976307345232