0 0 0 0 0 0 1 0 0 0 0 0 -1.6613247725836149 -1.4093114303857666 0.6912711843843302 0.0 0.05254960835559739 1.6647441544571506 0.8521464503296383
0 0 0 0 0 0 1 0 0 0 0 0 -1.5168617488806917 -1.5449153517729552 0.7594497885204653 0.0 -0.41155295437319855 1.5451166198554804 0.8521464503296383
0 0 0 0 0 0 1 0 0 0 0 0 -1.3723987251777687 -1.6127173124665495 0.8617176947246679 0.0 0.05254960835559739 -1.325944210584604 0.8521464503296383
0 0 0 0 0 0 1 0 0 0 0 0 -1.2279357014748458 -1.6127173124665495 0.9298962988608028 0.0 -0.41155295437319855 -1.1465029086820986 0.8521464503296383
0 0 0 0 0 0 1 0 0 0 0 0 -1.0834726777719228 -1.7483212338537384 1.0321642050650055 0.0 -0.8756555171019945 -0.4800066444727934 0.8521464503296383
0 0 0 0 0 0 1 0 0 0 0 0 -0.9390096540689997 -1.680519273160144 1.0321642050650055 0.0 -0.41155295437319855 -1.0354201979805477 0.8521464503296383
0 0 0 0 0 0 1 0 0 0 0 0 -0.7945466303660766 -0.9346977055306059 0.45264606990785755 0.0 -0.8756555171019945 1.647654506656912 -0.5349559104801316
0 0 0 0 0 0 1 0 0 0 0 0 -0.6500836066631536 -0.12107417720747353 -0.3314078776576954 0.0 -0.41155295437319855 1.3485856701527366 -0.5349559104801316
0 0 0 0 0 0 1 0 0 0 0 0 -0.5056205829602306 0.2857375869540927 -0.6723008983383707 0.0 0.05254960835559739 -1.1123236130816214 -0.5349559104801316
0 0 0 0 0 0 1 0 0 0 0 0 -0.3611575592573076 0.6925493511156589 -0.8768367107467758 0.0 0.05254960835559739 1.5792959154559576 -0.5349559104801316
0 0 0 0 0 0 1 0 0 0 0 0 -0.21669453555438453 0.9637571938900363 -1.1154618252232484 0.0 0.5166521710843933 0.8444410600456979 -0.5349559104801316
0 0 0 0 0 0 1 0 0 0 0 0 -0.07223151185146151 1.1671630759708194 -1.3199976376316536 0.0 1.4448572965419852 0.160855148036154 -0.5349559104801316
0 0 0 0 0 0 1 0 0 0 0 0 0.07223151185146151 1.302766997358008 -1.3199976376316536 0.0 2.373062421999577 0.015593141734125916 -0.5349559104801316
0 0 0 0 0 0 1 0 0 0 0 0 0.21669453555438453 1.302766997358008 -1.285908335563586 0.0 0.9807547338131893 0.4342895128399715 -0.5349559104801316
0 0 0 0 0 0 1 0 0 0 0 0 0.3611575592573076 1.1671630759708194 -1.217729731427451 0.0 0.9807547338131893 1.681833802257389 -0.5349559104801316
0 0 0 0 0 0 1 0 0 0 0 0 0.5056205829602306 1.438370918745197 -1.3199976376316536 0.0 1.4448572965419852 1.6561993305570313 -0.5349559104801316
0 0 0 0 0 0 1 0 0 0 0 0 0.6500836066631536 1.438370918745197 -1.3199976376316536 0.0 0.9807547338131893 1.416944261353691 -0.5349559104801316
0 0 0 0 0 0 1 0 0 0 0 0 0.7945466303660766 1.0993611152772251 -1.0472832210871135 0.0 2.373062421999577 0.24630338703734697 -0.5349559104801316
0 0 0 0 0 0 1 0 0 0 0 0 0.9390096540689997 0.7603513118092532 -0.8427474086787082 0.0 0.5166521710843933 -0.4372825249721969 -0.5349559104801316
0 0 0 0 0 0 1 0 0 0 0 0 1.0834726777719228 0.48914346903487577 -0.6041222942022356 0.0 0.05254960835559739 0.6393652864428347 -0.5349559104801316
0 0 0 0 0 0 1 0 0 0 0 0 1.2279357014748458 -0.05327221651387917 -0.22913997145349288 0.0 0.05254960835559739 1.7074682739577471 -0.5349559104801316
0 0 0 0 0 0 1 0 0 0 0 0 1.3723987251777687 -0.39228201998185097 0.07766374715911482 0.0 -0.41155295437319855 -0.9926960784799513 -0.5349559104801316
0 0 0 0 0 0 1 0 0 0 0 0 1.5168617488806917 -0.5956879020626341 0.350378163703655 0.0 -0.8756555171019945 -0.18948263186873726 -0.5349559104801316
0 0 0 0 0 0 1 0 0 0 0 0 1.6613247725836149 -0.7312918234498228 0.4867353719759251 0.0 0.05254960835559739 -1.2148614998830531 -0.5349559104801316
0 0 0 0 0 0 1 0 0 0 0 0 -1.6613247725836149 -0.8668957448370116 0.6912711843843302 0.0 -0.41155295437319855 -0.9670616067795934 -0.5349559104801316
0 0 0 0 0 0 1 0 0 0 0 0 -1.5168617488806917 -1.0703016269177947 0.8617176947246679 0.0 -0.41155295437319855 -0.6850824180756566 -0.5349559104801316
0 0 0 0 0 0 1 0 0 0 0 0 -1.3723987251777687 -1.138103587611389 0.9298962988608028 0.0 -0.41155295437319855 -0.9756064306797128 -0.5349559104801316
0 0 0 0 0 0 1 0 0 0 0 0 -1.2279357014748458 -1.2737075089985777 0.9980749029969379 0.0 -0.8756555171019945 -1.155047732582218 -0.5349559104801316
0 0 0 0 0 0 1 0 0 0 0 0 -1.0834726777719228 -1.341509469692172 1.066253507133073 0.0 -0.8756555171019945 -1.1977718520828144 -0.5349559104801316
0 0 0 0 0 0 1 0 0 0 0 0 -0.9390096540689997 -1.341509469692172 1.1003428092011405 0.0 -0.8756555171019945 1.733102745658105 -0.5349559104801316
0 0 0 0 0 0 1 0 0 0 0 0 -0.7945466303660766 -0.5278859413690398 0.5208246740439926 0.0 -0.8756555171019945 -1.1037787891815023 -0.5349559104801316
0 0 0 0 0 0 1 0 0 0 0 0 -0.6500836066631536 0.21793562626049828 -0.2632292735215604 0.0 -0.41155295437319855 1.6903786261575084 -0.5349559104801316
0 0 0 0 0 0 1 0 0 0 0 0 -0.5056205829602306 0.5569454297284702 -0.5359436900661005 0.0 -0.41155295437319855 1.6134752110564348 -0.5349559104801316
0 0 0 0 0 0 1 0 0 0 0 0 -0.3611575592573076 1.0315591545836307 -0.8427474086787082 0.0 0.05254960835559739 0.34029644993865926 -0.5349559104801316
0 0 0 0 0 0 1 0 0 0 0 0 -0.21669453555438453 1.1671630759708194 -0.9450153148829108 0.0 2.373062421999577 0.3061171543381821 -0.5349559104801316
0 0 0 0 0 0 1 0 0 0 0 0 -0.07223151185146151 1.438370918745197 -1.149551127291316 0.0 2.373062421999577 0.45137916064021016 -0.5349559104801316
0 0 0 0 0 0 1 0 0 0 0 0 0.07223151185146151 1.7773807222131688 -1.5245334500400587 0.0 0.9807547338131893 -0.20657227966897584 -0.5349559104801316
0 0 0 0 0 0 1 0 0 0 0 0 0.21669453555438453 1.6417768008259799 -1.4563548459039237 0.0 0.5166521710843933 0.18648961973651187 -0.5349559104801316
0 0 0 0 0 0 1 0 0 0 0 0 0.3611575592573076 1.7773807222131688 -1.4563548459039237 0.0 0.9807547338131893 0.4428343367400909 -0.5349559104801316
0 0 0 0 0 0 1 0 0 0 0 0 0.5056205829602306 1.5739748401323856 -1.354086939699721 0.0 1.4448572965419852 1.5280269720552417 -0.5349559104801316
0 0 0 0 0 0 1 0 0 0 0 0 0.6500836066631536 1.6417768008259799 -1.422265543835856 0.0 -0.41155295437319855 0.8444410600456979 -0.5349559104801316
0 0 0 0 0 0 1 0 0 0 0 0 0.7945466303660766 1.438370918745197 -1.4563548459039237 0.0 -0.41155295437319855 1.1947788399505892 -0.5349559104801316
0 0 0 0 0 0 1 0 0 0 0 0 0.9390096540689997 1.1671630759708194 -1.0472832210871135 0.0 0.5166521710843933 -0.4287377010720776 -0.5349559104801316
0 0 0 0 0 0 1 0 0 0 0 0 1.0834726777719228 0.7603513118092532 -0.6041222942022356 0.0 -0.8756555171019945 1.3742201418530944 -0.5349559104801316
0 0 0 0 0 0 1 0 0 0 0 0 1.2279357014748458 0.21793562626049828 -0.12687206524929032 0.0 -0.41155295437319855 -0.8047099526773267 -0.5349559104801316
0 0 0 0 0 0 1 0 0 0 0 0 1.3723987251777687 -0.18887613790106791 0.2140209554313849 0.0 -0.8756555171019945 -1.189227028182695 -0.5349559104801316
0 0 0 0 0 0 1 0 0 0 0 0 1.5168617488806917 -0.5278859413690398 0.3844674657717225 0.0 -0.41155295437319855 -1.240495971583411 -0.5349559104801316
0 0 0 0 0 0 1 0 0 0 0 0 1.6613247725836149 -0.7990937841434171 0.5890032781801277 0.0 -0.41155295437319855 -1.1977718520828144 -0.5349559104801316
0 0 0 0 0 0 1 0 0 0 0 0 -1.6613247725836149 -1.0024996662242003 0.6912711843843302 0.0 -0.41155295437319855 -0.9072478394787583 -0.5349559104801316
0 0 0 0 0 0 1 0 0 0 0 0 -1.5168617488806917 -1.138103587611389 0.5549139761120602 0.0 0.05254960835559739 -1.180682204282576 -0.5349559104801316
0 0 0 0 0 0 1 0 0 0 0 0 -1.3723987251777687 -1.2737075089985777 0.7935390905885328 0.0 -0.8756555171019945 -0.753441009276611 -0.5349559104801316
0 0 0 0 0 0 1 0 0 0 0 0 -1.2279357014748458 -1.2737075089985777 0.7594497885204653 0.0 -0.8756555171019945 -0.9328823111791162 -0.5349559104801316
0 0 0 0 0 0 1 0 0 0 0 0 -1.0834726777719228 -1.341509469692172 0.8958069967927353 0.0 0.5166521710843933 -1.2746752671838881 -0.5349559104801316
0 0 0 0 0 0 1 0 0 0 0 0 -0.9390096540689997 -1.341509469692172 0.8958069967927353 0.0 -0.41155295437319855 -1.189227028182695 -0.5349559104801316
0 0 0 0 0 0 1 0 0 0 0 0 -0.7945466303660766 -0.7990937841434171 0.4867353719759251 0.0 0.05254960835559739 -0.5312755878735091 -0.5349559104801316
0 0 0 0 0 0 1 0 0 0 0 0 -0.6500836066631536 0.014529744179715195 -0.3995864817938305 0.0 -0.8756555171019945 0.45992398454032946 -0.5349559104801316
0 0 0 0 0 0 1 0 0 0 0 0 -0.5056205829602306 0.48914346903487577 -0.6723008983383707 0.0 0.05254960835559739 1.134965072649754 -0.5349559104801316
0 0 0 0 0 0 1 0 0 0 0 0 -0.3611575592573076 1.0993611152772251 -1.149551127291316 0.0 0.05254960835559739 0.160855148036154 -0.5349559104801316
0 0 0 0 0 0 1 0 0 0 0 0 -0.21669453555438453 1.5061728794387912 -1.285908335563586 0.0 0.5166521710843933 0.1181310285355575 -0.5349559104801316
0 0 0 0 0 0 1 0 0 0 0 0 -0.07223151185146151 1.7773807222131688 -1.4904441479719912 0.0 0.9807547338131893 0.0924965568351996 -0.5349559104801316
0 0 0 0 0 0 1 0 0 0 0 0 0.07223151185146151 1.9129846436003575 -1.5586227521081262 0.0 0.9807547338131893 0.015593141734125916 -0.5349559104801316
0 0 0 0 0 0 1 0 0 0 0 0 0.21669453555438453 1.9807866042939517 -1.6268013562442611 0.0 1.908959859270781 0.8957100034464137 -0.5349559104801316
0 0 0 0 0 0 1 0 0 0 0 0 0.3611575592573076 2.048588564987546 -1.6608906583123288 0.0 2.837164984728373 1.2887719028519014 -0.5349559104801316
0 0 0 0 0 0 1 0 0 0 0 0 0.5056205829602306 1.9129846436003575 -1.6608906583123288 0.0 1.908959859270781 0.9555237707472488 -0.5349559104801316
0 0 0 0 0 0 1 0 0 0 0 0 0.6500836066631536 1.7095787615195743 -1.6608906583123288 0.0 3.3012675474571687 1.3742201418530944 -0.5349559104801316
0 0 0 0 0 0 1 0 0 0 0 0 0.7945466303660766 1.5739748401323856 -1.7972478665845988 0.0 2.837164984728373 1.2631374311515435 -0.5349559104801316
0 0 0 0 0 0 1 0 0 0 0 0 0.9390096540689997 1.302766997358008 -1.7290692624484638 0.0 -0.41155295437319855 1.391309789653333 -0.5349559104801316
0 0 0 0 0 0 1 0 0 0 0 0 1.0834726777719228 0.353539547647687 -1.2518190334955186 0.0 0.05254960835559739 -1.00978572628019 -0.5349559104801316
0 0 0 0 0 0 1 0 0 0 0 0 1.2279357014748458 -0.32448005928825663 -0.7063902004064382 0.0 -0.8756555171019945 -1.043965021880667 -0.5349559104801316
0 0 0 0 0 0 1 0 0 0 0 0 1.3723987251777687 -0.5956879020626341 -0.3995864817938305 0.0 0.5166521710843933 -1.00978572628019 -0.5349559104801316
0 0 0 0 0 0 1 0 0 0 0 0 1.5168617488806917 -0.7990937841434171 -0.12687206524929032 0.0 -0.8756555171019945 -0.5056411161731513 -0.5349559104801316
0 0 0 0 0 0 1 0 0 0 0 0 1.6613247725836149 -0.9346977055306059 -0.024604159045087746 0.0 -0.41155295437319855 -1.0781443174811443 -0.5349559104801316