0 0 0 0 0 0 1 0 0 0 0 0 -1.6613247725836149 -1.0024996662242003 0.11175304922718234 0.0 -0.41155295437319855 -1.1037787891815023 -0.5349559104801316
0 0 0 0 0 0 1 0 0 0 0 0 -1.5168617488806917 -1.138103587611389 0.350378163703655 0.0 -0.8756555171019945 -0.7448961853764917 -0.5349559104801316
0 0 0 0 0 0 1 0 0 0 0 0 -1.3723987251777687 -1.2737075089985777 0.5890032781801277 0.0 -0.8756555171019945 -0.9328823111791162 -0.5349559104801316
0 0 0 0 0 0 1 0 0 0 0 0 -1.2279357014748458 -1.4093114303857666 0.6912711843843302 0.0 -0.41155295437319855 -1.1977718520828144 -0.5349559104801316
0 0 0 0 0 0 1 0 0 0 0 0 -1.0834726777719228 -1.4771133910793608 0.8276283926566003 0.0 -0.41155295437319855 -1.1977718520828144 -0.5349559104801316
0 0 0 0 0 0 1 0 0 0 0 0 -0.9390096540689997 -1.4771133910793608 0.8958069967927353 0.0 -0.8756555171019945 -0.01858615386635128 -0.5349559104801316
0 0 0 0 0 0 1 0 0 0 0 0 -0.7945466303660766 -0.9346977055306059 0.45264606990785755 0.0 -0.41155295437319855 -0.8645237199781618 -0.5349559104801316
0 0 0 0 0 0 1 0 0 0 0 0 -0.6500836066631536 -0.05327221651387917 -0.5018543879980331 0.0 -0.8756555171019945 0.4342895128399715 -0.5349559104801316
0 0 0 0 0 0 1 0 0 0 0 0 -0.5056205829602306 0.48914346903487577 -0.8768367107467758 0.0 -0.41155295437319855 -1.069599493581025 -0.5349559104801316
0 0 0 0 0 0 1 0 0 0 0 0 -0.3611575592573076 0.9637571938900363 -1.1154618252232484 0.0 0.05254960835559739 0.39156539333937507 -0.5349559104801316
0 0 0 0 0 0 1 0 0 0 0 0 -0.21669453555438453 1.302766997358008 -1.285908335563586 0.0 1.4448572965419852 1.5451166198554804 -0.5349559104801316
0 0 0 0 0 0 1 0 0 0 0 0 -0.07223151185146151 1.6417768008259799 -1.4904441479719912 0.0 0.05254960835559739 0.33175162603853997 -0.5349559104801316
0 0 0 0 0 0 1 0 0 0 0 0 0.07223151185146151 1.7773807222131688 -1.6268013562442611 0.0 0.9807547338131893 -0.30911016647040745 -0.5349559104801316
0 0 0 0 0 0 1 0 0 0 0 0 0.21669453555438453 1.9129846436003575 -1.6268013562442611 0.0 0.9807547338131893 -0.13821368846802146 -0.5349559104801316
0 0 0 0 0 0 1 0 0 0 0 0 0.3611575592573076 1.9807866042939517 -1.6949799603803963 0.0 1.908959859270781 0.4941032801408066 -0.5349559104801316
0 0 0 0 0 0 1 0 0 0 0 0 0.5056205829602306 1.9129846436003575 -1.6608906583123288 0.0 2.373062421999577 1.3314960223524979 -0.5349559104801316
0 0 0 0 0 0 1 0 0 0 0 0 0.6500836066631536 1.845182682906763 -1.5927120541761937 0.0 1.908959859270781 1.4254890852538102 -0.5349559104801316
0 0 0 0 0 0 1 0 0 0 0 0 0.7945466303660766 1.6417768008259799 -1.5586227521081262 0.0 2.373062421999577 1.3400408462526172 -0.5349559104801316
0 0 0 0 0 0 1 0 0 0 0 0 0.9390096540689997 1.5061728794387912 -1.4563548459039237 0.0 1.4448572965419852 1.3998546135534522 -0.5349559104801316
0 0 0 0 0 0 1 0 0 0 0 0 1.0834726777719228 0.9637571938900363 -1.285908335563586 0.0 -0.8756555171019945 0.878620355646175 -0.5349559104801316
0 0 0 0 0 0 1 0 0 0 0 0 1.2279357014748458 0.08233170487330956 -0.6041222942022356 0.0 -0.8756555171019945 1.6134752110564348 -0.5349559104801316
0 0 0 0 0 0 1 0 0 0 0 0 1.3723987251777687 -0.32448005928825663 -0.19505066938542534 0.0 -0.8756555171019945 -0.5996341790744636 -0.5349559104801316
0 0 0 0 0 0 1 0 0 0 0 0 1.5168617488806917 -0.5956879020626341 0.07766374715911482 0.0 -0.41155295437319855 -0.9243374872789969 -0.5349559104801316
0 0 0 0 0 0 1 0 0 0 0 0 1.6613247725836149 -0.7990937841434171 0.17993165336331737 0.0 -0.41155295437319855 -1.2063166759829338 -0.5349559104801316
0 0 0 0 0 0 0 1 0 0 0 0 -1.6613247725836149 -0.9346977055306059 0.350378163703655 0.0 -0.8756555171019945 -0.984151254579832 -0.5349559104801316
0 0 0 0 0 0 0 1 0 0 0 0 -1.5168617488806917 -1.0703016269177947 0.4867353719759251 0.0 -0.8756555171019945 -1.0012409023800706 -0.5349559104801316
0 0 0 0 0 0 0 1 0 0 0 0 -1.3723987251777687 -1.2737075089985777 0.6571818823162627 0.0 -0.8756555171019945 -1.155047732582218 -0.5349559104801316
0 0 0 0 0 0 0 1 0 0 0 0 -1.2279357014748458 -1.4093114303857666 0.7935390905885328 0.0 -0.8756555171019945 -0.838889248277804 -0.5349559104801316
0 0 0 0 0 0 0 1 0 0 0 0 -1.0834726777719228 -1.5449153517729552 0.8276283926566003 0.0 -0.8756555171019945 -0.727806537576253 -0.5349559104801316
0 0 0 0 0 0 0 1 0 0 0 0 -0.9390096540689997 -1.5449153517729552 0.8958069967927353 0.0 -0.8756555171019945 -1.1208684369817408 -0.5349559104801316
0 0 0 0 0 0 0 1 0 0 0 0 -0.7945466303660766 -0.9346977055306059 0.3844674657717225 0.0 -0.8756555171019945 -1.0866891413812636 -0.5349559104801316
0 0 0 0 0 0 0 1 0 0 0 0 -0.6500836066631536 0.08233170487330956 -0.5700329921341681 0.0 -0.8756555171019945 -0.7021720658758952 -0.5349559104801316
0 0 0 0 0 0 0 1 0 0 0 0 -0.5056205829602306 0.7603513118092532 -0.9791046169509784 0.0 -0.41155295437319855 0.0924965568351996 -0.5349559104801316
0 0 0 0 0 0 0 1 0 0 0 0 -0.3611575592573076 1.2349650366644138 -1.422265543835856 0.0 -0.41155295437319855 0.075406909034961 -0.5349559104801316
0 0 0 0 0 0 0 1 0 0 0 0 -0.21669453555438453 1.438370918745197 -1.5586227521081262 0.0 0.5166521710843933 0.81880658834534 -0.5349559104801316
0 0 0 0 0 0 0 1 0 0 0 0 -0.07223151185146151 1.5061728794387912 -1.5586227521081262 0.0 0.5166521710843933 -0.5739997073741057 -0.5349559104801316
0 0 0 0 0 0 0 1 0 0 0 0 0.07223151185146151 1.6417768008259799 -1.5927120541761937 0.0 1.4448572965419852 0.33175162603853997 -0.5349559104801316
0 0 0 0 0 0 0 1 0 0 0 0 0.21669453555438453 1.6417768008259799 -1.6268013562442611 0.0 3.3012675474571687 1.416944261353691 -0.5349559104801316
0 0 0 0 0 0 0 1 0 0 0 0 0.3611575592573076 1.7095787615195743 -1.6608906583123288 0.0 1.908959859270781 1.357130494052856 -0.5349559104801316
0 0 0 0 0 0 0 1 0 0 0 0 0.5056205829602306 1.7095787615195743 -1.6268013562442611 0.0 1.908959859270781 1.4938476764547646 -0.5349559104801316
0 0 0 0 0 0 0 1 0 0 0 0 0.6500836066631536 1.7095787615195743 -1.5927120541761937 0.0 0.5166521710843933 1.3827649657532137 -0.5349559104801316
0 0 0 0 0 0 0 1 0 0 0 0 0.7945466303660766 1.5739748401323856 -1.5586227521081262 0.0 0.9807547338131893 1.562206267655719 -0.5349559104801316
0 0 0 0 0 0 0 1 0 0 0 0 0.9390096540689997 1.1671630759708194 -1.354086939699721 0.0 -0.8756555171019945 -1.325944210584604 -0.5349559104801316
0 0 0 0 0 0 0 1 0 0 0 0 1.0834726777719228 0.353539547647687 -0.8086581066106407 0.0 -0.41155295437319855 -1.2746752671838881 -0.5349559104801316
0 0 0 0 0 0 0 1 0 0 0 0 1.2279357014748458 -0.18887613790106791 -0.16096136731735783 0.0 -0.41155295437319855 -1.0183305501803093 -0.5349559104801316
0 0 0 0 0 0 0 1 0 0 0 0 1.3723987251777687 -0.5278859413690398 0.0435744450910473 0.0 -0.41155295437319855 -0.9499719589793548 -0.5349559104801316
0 0 0 0 0 0 0 1 0 0 0 0 1.5168617488806917 -0.7990937841434171 0.2140209554313849 0.0 -0.41155295437319855 -1.180682204282576 -0.5349559104801316
0 0 0 0 0 0 0 1 0 0 0 0 1.6613247725836149 -0.9346977055306059 0.3844674657717225 0.0 -0.8756555171019945 -0.6423582985750601 -0.5349559104801316
0 0 0 0 0 0 0 1 0 0 0 0 -1.6613247725836149 -1.138103587611389 0.45264606990785755 0.0 -0.8756555171019945 -1.1208684369817408 -0.5349559104801316
0 0 0 0 0 0 0 1 0 0 0 0 -1.5168617488806917 -1.2059055483049834 0.5549139761120602 0.0 -0.41155295437319855 -0.9243374872789969 -0.5349559104801316
0 0 0 0 0 0 0 1 0 0 0 0 -1.3723987251777687 -1.2737075089985777 0.5208246740439926 0.0 -0.8756555171019945 -1.2917649149841268 -0.5349559104801316
0 0 0 0 0 0 0 1 0 0 0 0 -1.2279357014748458 -1.4093114303857666 0.7594497885204653 0.0 -0.8756555171019945 -0.8559788960780426 -0.5349559104801316
0 0 0 0 0 0 0 1 0 0 0 0 -1.0834726777719228 -1.4771133910793608 0.8276283926566003 0.0 -0.8756555171019945 -1.0525098457807864 -0.5349559104801316
0 0 0 0 0 0 0 1 0 0 0 0 -0.9390096540689997 -1.4771133910793608 0.8617176947246679 0.0 -0.8756555171019945 -0.8987030155786391 -0.5349559104801316
0 0 0 0 0 0 0 1 0 0 0 0 -0.7945466303660766 -0.9346977055306059 0.3844674657717225 0.0 -0.8756555171019945 -0.9756064306797128 -0.5349559104801316
0 0 0 0 0 0 0 1 0 0 0 0 -0.6500836066631536 0.08233170487330956 -0.5700329921341681 0.0 -0.8756555171019945 0.2633930348375856 -0.5349559104801316
0 0 0 0 0 0 0 1 0 0 0 0 -0.5056205829602306 0.6247473904220645 -0.9791046169509784 0.0 -0.41155295437319855 0.0839517329350803 -0.5349559104801316
0 0 0 0 0 0 0 1 0 0 0 0 -0.3611575592573076 1.1671630759708194 -1.2518190334955186 0.0 -0.41155295437319855 -0.4372825249721969 -0.5349559104801316
0 0 0 0 0 0 0 1 0 0 0 0 -0.21669453555438453 1.5739748401323856 -1.422265543835856 0.0 -0.41155295437319855 -0.9072478394787583 -0.5349559104801316
0 0 0 0 0 0 0 1 0 0 0 0 -0.07223151185146151 1.7773807222131688 -1.5927120541761937 0.0 0.05254960835559739 1.357130494052856 -0.5349559104801316
0 0 0 0 0 0 0 1 0 0 0 0 0.07223151185146151 1.845182682906763 -1.6268013562442611 0.0 1.4448572965419852 0.5197377518411646 -0.5349559104801316
0 0 0 0 0 0 0 1 0 0 0 0 0.21669453555438453 1.9807866042939517 -1.6608906583123288 0.0 1.4448572965419852 0.18648961973651187 -0.5349559104801316
0 0 0 0 0 0 0 1 0 0 0 0 0.3611575592573076 2.1163905256811404 -1.7290692624484638 0.0 0.05254960835559739 0.8358962361455786 -0.5349559104801316
0 0 0 0 0 0 0 1 0 0 0 0 0.5056205829602306 1.9807866042939517 -1.6949799603803963 0.0 0.9807547338131893 0.3232068021384207 -0.5349559104801316
0 0 0 0 0 0 0 1 0 0 0 0 0.6500836066631536 1.9807866042939517 -1.6949799603803963 0.0 0.9807547338131893 1.1776891921503505 -0.5349559104801316
0 0 0 0 0 0 0 1 0 0 0 0 0.7945466303660766 1.5739748401323856 -1.5927120541761937 0.0 -0.41155295437319855 1.2033236638507083 -0.5349559104801316
0 0 0 0 0 0 0 1 0 0 0 0 0.9390096540689997 1.0993611152772251 -1.1154618252232484 0.0 -0.8756555171019945 -1.00978572628019 -0.5349559104801316
0 0 0 0 0 0 0 1 0 0 0 0 1.0834726777719228 0.6247473904220645 -0.7404795024745057 0.0 -0.41155295437319855 -1.095233965281383 -0.5349559104801316
0 0 0 0 0 0 0 1 0 0 0 0 1.2279357014748458 0.2857375869540927 -0.6382115962703031 0.0 0.5166521710843933 1.502392500354884 -0.5349559104801316
0 0 0 0 0 0 0 1 0 0 0 0 1.3723987251777687 0.42134150834128137 -0.8086581066106407 0.0 0.5166521710843933 1.4340339091539296 -0.5349559104801316
0 0 0 0 0 0 0 1 0 0 0 0 1.5168617488806917 0.15013366556690394 -0.6382115962703031 0.0 0.5166521710843933 1.7416475695582243 -0.5349559104801316
0 0 0 0 0 0 0 1 0 0 0 0 1.6613247725836149 -0.12107417720747353 -0.3995864817938305 0.0 1.4448572965419852 -1.2917649149841268 -0.5349559104801316