0 0 0 0 0 0 1 0 0 0 0 0 -1.6613247725836149 -0.6634898627562285 0.5208246740439926 0.0 -0.8756555171019945 -1.2832200910840075 -0.5349559104801316
0 0 0 0 0 0 1 0 0 0 0 0 -1.5168617488806917 -0.5278859413690398 0.24811025749945242 0.0 -0.8756555171019945 -0.6338134746749408 -0.5349559104801316
0 0 0 0 0 0 1 0 0 0 0 0 -1.3723987251777687 -0.7312918234498228 0.4867353719759251 0.0 -0.8756555171019945 -0.7705306570768495 -0.5349559104801316
0 0 0 0 0 0 1 0 0 0 0 0 -1.2279357014748458 -0.5956879020626341 0.9298962988608028 0.0 0.05254960835559739 1.6732889783572698 -0.5349559104801316
0 0 0 0 0 0 1 0 0 0 0 0 -1.0834726777719228 -0.5956879020626341 1.2707893195414781 0.0 -0.41155295437319855 1.6391096827567926 -0.5349559104801316
0 0 0 0 0 0 1 0 0 0 0 0 -0.9390096540689997 -0.7312918234498228 1.2707893195414781 0.0 -0.8756555171019945 -0.9585167828794742 -0.5349559104801316
0 0 0 0 0 0 1 0 0 0 0 0 -0.7945466303660766 -0.32448005928825663 0.9980749029969379 0.0 -0.41155295437319855 1.7416475695582243 -0.5349559104801316
0 0 0 0 0 0 1 0 0 0 0 0 -0.6500836066631536 0.15013366556690394 0.17993165336331737 0.0 0.05254960835559739 0.29757233043806275 -0.5349559104801316
0 0 0 0 0 0 1 0 0 0 0 0 -0.5056205829602306 0.42134150834128137 -0.433675783861898 0.0 0.5166521710843933 1.0580616575486803 -0.5349559104801316
0 0 0 0 0 0 1 0 0 0 0 0 -0.3611575592573076 0.5569454297284702 -0.7063902004064382 0.0 2.373062421999577 1.451123556954168 -0.5349559104801316
0 0 0 0 0 0 1 0 0 0 0 0 -0.21669453555438453 0.7603513118092532 -0.7745688045425733 0.0 2.373062421999577 1.3998546135534522 -0.5349559104801316
0 0 0 0 0 0 1 0 0 0 0 0 -0.07223151185146151 0.6925493511156589 -0.8427474086787082 0.0 1.908959859270781 1.0324271858483225 -0.5349559104801316
0 0 0 0 0 0 1 0 0 0 0 0 0.07223151185146151 0.7603513118092532 -0.8768367107467758 0.0 1.4448572965419852 0.9127996512466523 -0.5349559104801316
0 0 0 0 0 0 1 0 0 0 0 0 0.21669453555438453 0.7603513118092532 -0.9109260128148433 0.0 0.9807547338131893 1.1093306009493962 -0.5349559104801316
0 0 0 0 0 0 1 0 0 0 0 0 0.3611575592573076 0.8281532725028475 -0.9450153148829108 0.0 1.908959859270781 1.160599544350112 -0.5349559104801316
0 0 0 0 0 0 1 0 0 0 0 0 0.5056205829602306 0.895955233196442 -1.0131939190190458 0.0 1.908959859270781 1.451123556954168 -0.5349559104801316
0 0 0 0 0 0 1 0 0 0 0 0 0.6500836066631536 0.895955233196442 -1.081372523155181 0.0 3.3012675474571687 1.3485856701527366 -0.5349559104801316
0 0 0 0 0 0 1 0 0 0 0 0 0.7945466303660766 0.8281532725028475 -1.081372523155181 0.0 3.3012675474571687 1.365675317952975 -0.5349559104801316
0 0 0 0 0 0 1 0 0 0 0 0 0.9390096540689997 0.6925493511156589 -1.0131939190190458 0.0 0.9807547338131893 1.357130494052856 -0.5349559104801316
0 0 0 0 0 0 1 0 0 0 0 0 1.0834726777719228 0.42134150834128137 -0.8768367107467758 0.0 1.4448572965419852 1.4083994374535715 -0.5349559104801316
0 0 0 0 0 0 1 0 0 0 0 0 1.2279357014748458 0.21793562626049828 -0.7745688045425733 0.0 0.05254960835559739 1.7074682739577471 -0.5349559104801316
0 0 0 0 0 0 1 0 0 0 0 0 1.3723987251777687 -0.46008398067544537 -0.058693461113155265 0.0 -0.8756555171019945 1.681833802257389 -0.5349559104801316
0 0 0 0 0 0 1 0 0 0 0 0 1.5168617488806917 -0.7990937841434171 0.28219955956751996 0.0 0.5166521710843933 -1.2575856193836497 -0.5349559104801316
0 0 0 0 0 0 1 0 0 0 0 0 1.6613247725836149 -0.8668957448370116 0.3844674657717225 0.0 -0.41155295437319855 -1.1721373803824566 -0.5349559104801316
0 0 0 0 0 0 1 0 0 0 0 0 -1.6613247725836149 -0.9346977055306059 0.45264606990785755 0.0 -0.41155295437319855 -1.0354201979805477 0.15859526992475342
0 0 0 0 0 0 1 0 0 0 0 0 -1.5168617488806917 -1.0703016269177947 0.6230925802481951 0.0 -0.41155295437319855 -1.1977718520828144 0.15859526992475342
0 0 0 0 0 0 1 0 0 0 0 0 -1.3723987251777687 -1.2059055483049834 0.8276283926566003 0.0 -0.41155295437319855 -1.1123236130816214 0.15859526992475342
0 0 0 0 0 0 1 0 0 0 0 0 -1.2279357014748458 -1.4093114303857666 0.9980749029969379 0.0 -0.41155295437319855 -0.8730685438782811 0.15859526992475342
0 0 0 0 0 0 1 0 0 0 0 0 -1.0834726777719228 -1.6127173124665495 1.066253507133073 0.0 -0.8756555171019945 -1.3173993866844846 0.15859526992475342
0 0 0 0 0 0 1 0 0 0 0 0 -0.9390096540689997 -1.6127173124665495 1.1003428092011405 0.0 -0.8756555171019945 -0.7961651287772075 0.15859526992475342
0 0 0 0 0 0 1 0 0 0 0 0 -0.7945466303660766 -0.7312918234498228 0.28219955956751996 0.0 -0.8756555171019945 -0.5227307639733899 0.15859526992475342
0 0 0 0 0 0 1 0 0 0 0 0 -0.6500836066631536 -0.05327221651387917 -0.433675783861898 0.0 -0.41155295437319855 0.21212409143686978 0.15859526992475342
0 0 0 0 0 0 1 0 0 0 0 0 -0.5056205829602306 0.353539547647687 -1.0131939190190458 0.0 0.5166521710843933 0.47701363234056804 0.15859526992475342
0 0 0 0 0 0 1 0 0 0 0 0 -0.3611575592573076 0.48914346903487577 -1.285908335563586 0.0 2.837164984728373 1.160599544350112 0.15859526992475342
0 0 0 0 0 0 1 0 0 0 0 0 -0.21669453555438453 0.6247473904220645 -1.354086939699721 0.0 3.3012675474571687 1.3229511984523785 0.15859526992475342
0 0 0 0 0 0 1 0 0 0 0 0 -0.07223151185146151 0.8281532725028475 -1.422265543835856 0.0 2.837164984728373 1.2545926072514242 0.15859526992475342
0 0 0 0 0 0 1 0 0 0 0 0 0.07223151185146151 0.895955233196442 -1.422265543835856 0.0 3.3012675474571687 1.562206267655719 -0.5349559104801316
0 0 0 0 0 0 1 0 0 0 0 0 0.21669453555438453 1.0315591545836307 -1.422265543835856 0.0 1.4448572965419852 1.4340339091539296 -0.5349559104801316
0 0 0 0 0 0 1 0 0 0 0 0 0.3611575592573076 1.0993611152772251 -1.4563548459039237 0.0 1.908959859270781 1.3742201418530944 -0.5349559104801316
0 0 0 0 0 0 1 0 0 0 0 0 0.5056205829602306 1.0993611152772251 -1.4904441479719912 0.0 3.3012675474571687 1.3827649657532137 -0.5349559104801316
0 0 0 0 0 0 1 0 0 0 0 0 0.6500836066631536 1.0315591545836307 -1.4563548459039237 0.0 3.3012675474571687 1.451123556954168 -0.5349559104801316
0 0 0 0 0 0 1 0 0 0 0 0 0.7945466303660766 1.0315591545836307 -1.4563548459039237 0.0 2.373062421999577 1.365675317952975 -0.5349559104801316
0 0 0 0 0 0 1 0 0 0 0 0 0.9390096540689997 0.895955233196442 -1.4563548459039237 0.0 1.4448572965419852 1.3827649657532137 -0.5349559104801316
0 0 0 0 0 0 1 0 0 0 0 0 1.0834726777719228 0.48914346903487577 -1.3199976376316536 0.0 -0.8756555171019945 1.3144063745522594 -0.5349559104801316
0 0 0 0 0 0 1 0 0 0 0 0 1.2279357014748458 -0.39228201998185097 -0.6382115962703031 0.0 -0.8756555171019945 -0.8217996004775654 -0.5349559104801316
0 0 0 0 0 0 1 0 0 0 0 0 1.3723987251777687 -0.7990937841434171 -0.16096136731735783 0.0 -0.41155295437319855 -0.5739997073741057 -0.5349559104801316
0 0 0 0 0 0 1 0 0 0 0 0 1.5168617488806917 -1.0024996662242003 0.009485143022979776 0.0 -0.41155295437319855 -0.9670616067795934 -0.5349559104801316
0 0 0 0 0 0 1 0 0 0 0 0 1.6613247725836149 -1.2737075089985777 0.28219955956751996 0.0 -0.41155295437319855 -1.0781443174811443 -0.5349559104801316
0 0 0 0 0 0 1 0 0 0 0 0 -1.6613247725836149 -1.4093114303857666 0.45264606990785755 0.0 -0.8756555171019945 -1.2234063237831725 -0.5349559104801316
0 0 0 0 0 0 1 0 0 0 0 0 -1.5168617488806917 -1.5449153517729552 0.6230925802481951 0.0 -0.8756555171019945 -1.043965021880667 -0.5349559104801316
0 0 0 0 0 0 1 0 0 0 0 0 -1.3723987251777687 -1.680519273160144 0.6912711843843302 0.0 -0.8756555171019945 -1.00978572628019 -0.5349559104801316
0 0 0 0 0 0 1 0 0 0 0 0 -1.2279357014748458 -1.8161231945473326 0.8958069967927353 0.0 -0.41155295437319855 -0.7363513614763724 -0.5349559104801316
0 0 0 0 0 0 1 0 0 0 0 0 -1.0834726777719228 -1.8161231945473326 0.8958069967927353 0.0 -0.8756555171019945 -1.2234063237831725 -0.5349559104801316
0 0 0 0 0 0 1 0 0 0 0 0 -0.9390096540689997 -1.680519273160144 0.7594497885204653 0.0 -0.8756555171019945 -1.2148614998830531 -0.5349559104801316
0 0 0 0 0 0 1 0 0 0 0 0 -0.7945466303660766 -0.9346977055306059 0.07766374715911482 0.0 -0.41155295437319855 -0.582544531274225 -0.5349559104801316
0 0 0 0 0 0 1 0 0 0 0 0 -0.6500836066631536 -0.2566780985946623 -0.5018543879980331 0.0 -0.41155295437319855 0.45137916064021016 -0.5349559104801316
0 0 0 0 0 0 1 0 0 0 0 0 -0.5056205829602306 0.2857375869540927 -0.9109260128148433 0.0 -0.41155295437319855 -0.26638604696981094 -0.5349559104801316
0 0 0 0 0 0 1 0 0 0 0 0 -0.3611575592573076 0.6247473904220645 -1.1836404293593834 0.0 0.05254960835559739 0.502648104040926 -0.5349559104801316
0 0 0 0 0 0 1 0 0 0 0 0 -0.21669453555438453 0.7603513118092532 -1.217729731427451 0.0 0.5166521710843933 -0.5398204117736285 -0.5349559104801316
0 0 0 0 0 0 1 0 0 0 0 0 -0.07223151185146151 0.8281532725028475 -1.217729731427451 0.0 1.4448572965419852 0.3146619782383014 -0.5349559104801316
0 0 0 0 0 0 1 0 0 0 0 0 0.07223151185146151 1.0315591545836307 -1.2518190334955186 0.0 3.7653701101859647 0.20357926753675049 2.239248811139408
0 0 0 0 0 0 1 0 0 0 0 0 0.21669453555438453 0.5569454297284702 -0.9450153148829108 0.0 1.908959859270781 0.3232068021384207 2.239248811139408
0 0 0 0 0 0 1 0 0 0 0 0 0.3611575592573076 1.0315591545836307 -1.1836404293593834 0.0 0.5166521710843933 -0.17239298406849865 2.239248811139408
0 0 0 0 0 0 1 0 0 0 0 0 0.5056205829602306 1.2349650366644138 -1.3199976376316536 0.0 0.5166521710843933 1.3400408462526172 2.239248811139408
0 0 0 0 0 0 1 0 0 0 0 0 0.6500836066631536 1.0315591545836307 -1.3881762417677885 0.0 2.373062421999577 1.134965072649754 2.239248811139408
0 0 0 0 0 0 1 0 0 0 0 0 0.7945466303660766 0.9637571938900363 -1.2518190334955186 0.0 0.9807547338131893 1.4254890852538102 2.239248811139408
0 0 0 0 0 0 1 0 0 0 0 0 0.9390096540689997 0.895955233196442 -1.217729731427451 0.0 0.5166521710843933 1.7074682739577471 -0.5349559104801316
0 0 0 0 0 0 1 0 0 0 0 0 1.0834726777719228 0.353539547647687 -0.9791046169509784 0.0 -0.41155295437319855 1.681833802257389 -0.5349559104801316
0 0 0 0 0 0 1 0 0 0 0 0 1.2279357014748458 -0.39228201998185097 -0.16096136731735783 0.0 -0.8756555171019945 -1.325944210584604 -0.5349559104801316
0 0 0 0 0 0 1 0 0 0 0 0 1.3723987251777687 -0.7990937841434171 0.17993165336331737 0.0 -0.8756555171019945 -1.0012409023800706 -0.5349559104801316
0 0 0 0 0 0 1 0 0 0 0 0 1.5168617488806917 -1.138103587611389 0.45264606990785755 0.0 -0.8756555171019945 -0.838889248277804 -0.5349559104801316
0 0 0 0 0 0 1 0 0 0 0 0 1.6613247725836149 -1.341509469692172 0.6571818823162627 0.0 -0.8756555171019945 -0.6167238268747022 -0.5349559104801316