0 0 0 0 0 0 0 1 0 0 0 0 -1.6613247725836149 -0.18887613790106791 0.24811025749945242 0.0 0.9807547338131893 1.0580616575486803 -0.5349559104801316
0 0 0 0 0 0 0 1 0 0 0 0 -1.5168617488806917 -0.2566780985946623 0.2140209554313849 0.0 -0.41155295437319855 1.7160130978578663 -0.5349559104801316
0 0 0 0 0 0 0 1 0 0 0 0 -1.3723987251777687 -0.39228201998185097 0.41855676783979 0.0 -0.8756555171019945 0.733358349344147 -0.5349559104801316
0 0 0 0 0 0 0 1 0 0 0 0 -1.2279357014748458 -0.46008398067544537 0.45264606990785755 0.0 -0.8756555171019945 -1.095233965281383 -0.5349559104801316
0 0 0 0 0 0 0 1 0 0 0 0 -1.0834726777719228 -0.5956879020626341 0.6230925802481951 0.0 -0.8756555171019945 -1.2832200910840075 -0.5349559104801316
0 0 0 0 0 0 0 1 0 0 0 0 -0.9390096540689997 -0.5278859413690398 0.6571818823162627 0.0 -0.8756555171019945 -1.2746752671838881 -0.5349559104801316
0 0 0 0 0 0 0 1 0 0 0 0 -0.7945466303660766 -0.2566780985946623 0.350378163703655 0.0 0.05254960835559739 0.8871651795462944 -0.5349559104801316
0 0 0 0 0 0 0 1 0 0 0 0 -0.6500836066631536 -0.46008398067544537 1.066253507133073 0.0 -0.8756555171019945 0.5197377518411646 -0.5349559104801316
0 0 0 0 0 0 0 1 0 0 0 0 -0.5056205829602306 -0.46008398067544537 1.1003428092011405 0.0 -0.8756555171019945 1.5194821481551224 -0.5349559104801316
0 0 0 0 0 0 0 1 0 0 0 0 -0.3611575592573076 -0.39228201998185097 1.134432111269208 0.0 -0.8756555171019945 -0.6167238268747022 -0.5349559104801316
0 0 0 0 0 0 0 1 0 0 0 0 -0.21669453555438453 -0.2566780985946623 0.8958069967927353 0.0 -0.8756555171019945 -0.19802745576885655 -0.5349559104801316
0 0 0 0 0 0 0 1 0 0 0 0 -0.07223151185146151 -0.18887613790106791 0.7594497885204653 0.0 0.05254960835559739 1.5280269720552417 -0.5349559104801316
0 0 0 0 0 0 0 1 0 0 0 0 0.07223151185146151 -0.12107417720747353 0.7935390905885328 0.0 -0.41155295437319855 -1.2148614998830531 -0.5349559104801316
0 0 0 0 0 0 0 1 0 0 0 0 0.21669453555438453 -0.18887613790106791 0.9639856009288704 0.0 0.05254960835559739 1.2716822550516629 -0.5349559104801316
0 0 0 0 0 0 0 1 0 0 0 0 0.3611575592573076 -0.2566780985946623 1.134432111269208 0.0 0.05254960835559739 0.5368273996414031 -0.5349559104801316
0 0 0 0 0 0 0 1 0 0 0 0 0.5056205829602306 -0.2566780985946623 1.1003428092011405 0.0 -0.41155295437319855 -1.2661304432837688 -0.5349559104801316
0 0 0 0 0 0 0 1 0 0 0 0 0.6500836066631536 -0.18887613790106791 1.1003428092011405 0.0 -0.8756555171019945 -0.05276544946682847 -0.5349559104801316
0 0 0 0 0 0 0 1 0 0 0 0 0.7945466303660766 -0.2566780985946623 1.202610715405343 0.0 -0.8756555171019945 -0.4287377010720776 -0.5349559104801316
0 0 0 0 0 0 0 1 0 0 0 0 0.9390096540689997 -0.32448005928825663 1.2707893195414781 0.0 -0.8756555171019945 0.34884127383877855 2.239248811139408
0 0 0 0 0 0 0 1 0 0 0 0 1.0834726777719228 -0.32448005928825663 1.3048786216095456 0.0 -0.8756555171019945 0.34884127383877855 2.239248811139408
0 0 0 0 0 0 0 1 0 0 0 0 1.2279357014748458 -0.39228201998185097 1.338967923677613 0.0 -0.8756555171019945 -0.2834756947700495 2.239248811139408
0 0 0 0 0 0 0 1 0 0 0 0 1.3723987251777687 -0.46008398067544537 1.338967923677613 0.0 -0.8756555171019945 -0.984151254579832 2.239248811139408
0 0 0 0 0 0 0 1 0 0 0 0 1.5168617488806917 -0.5278859413690398 1.338967923677613 0.0 -0.8756555171019945 -1.325944210584604 2.239248811139408
0 0 0 0 0 0 0 1 0 0 0 0 1.6613247725836149 -0.5278859413690398 1.338967923677613 0.0 -0.8756555171019945 -1.325944210584604 2.239248811139408
0 0 0 0 0 0 0 1 0 0 0 0 -1.6613247725836149 -0.5278859413690398 1.338967923677613 0.0 -0.8756555171019945 -0.5996341790744636 2.239248811139408
0 0 0 0 0 0 0 1 0 0 0 0 -1.5168617488806917 -0.5278859413690398 1.338967923677613 0.0 -0.8756555171019945 0.075406909034961 2.239248811139408
0 0 0 0 0 0 0 1 0 0 0 0 -1.3723987251777687 -0.5278859413690398 1.338967923677613 0.0 -0.41155295437319855 1.2545926072514242 2.239248811139408
0 0 0 0 0 0 0 1 0 0 0 0 -1.2279357014748458 -0.5278859413690398 1.338967923677613 0.0 -0.8756555171019945 1.1776891921503505 2.239248811139408
0 0 0 0 0 0 0 1 0 0 0 0 -1.0834726777719228 -0.5278859413690398 1.338967923677613 0.0 -0.8756555171019945 1.3144063745522594 2.239248811139408
0 0 0 0 0 0 0 1 0 0 0 0 -0.9390096540689997 -0.5278859413690398 1.338967923677613 0.0 -0.8756555171019945 1.1691443682502312 2.239248811139408
0 0 0 0 0 0 0 1 0 0 0 0 -0.7945466303660766 -0.5278859413690398 1.338967923677613 0.0 -0.8756555171019945 -0.10403439286754426 2.239248811139408
0 0 0 0 0 0 0 1 0 0 0 0 -0.6500836066631536 -0.46008398067544537 1.2367000174734106 0.0 -0.8756555171019945 1.0409720097484418 2.239248811139408
0 0 0 0 0 0 0 1 0 0 0 0 -0.5056205829602306 -0.39228201998185097 1.202610715405343 0.0 0.5166521710843933 0.5197377518411646 2.239248811139408
0 0 0 0 0 0 0 1 0 0 0 0 -0.3611575592573076 -0.39228201998185097 1.2367000174734106 0.0 0.05254960835559739 0.7504479971443856 2.239248811139408
0 0 0 0 0 0 0 1 0 0 0 0 -0.21669453555438453 -0.5278859413690398 1.2707893195414781 0.0 1.4448572965419852 0.6649997581431926 2.239248811139408
0 0 0 0 0 0 0 1 0 0 0 0 -0.07223151185146151 -0.32448005928825663 1.134432111269208 0.0 -0.41155295437319855 -1.1123236130816214 2.239248811139408
0 0 0 0 0 0 0 1 0 0 0 0 0.07223151185146151 -0.32448005928825663 0.9980749029969379 0.0 -0.8756555171019945 -1.2490407954835303 2.239248811139408
0 0 0 0 0 0 0 1 0 0 0 0 0.21669453555438453 -0.18887613790106791 1.0321642050650055 0.0 0.05254960835559739 1.4596683808542874 2.239248811139408
0 0 0 0 0 0 0 1 0 0 0 0 0.3611575592573076 -0.05327221651387917 0.7253604864523977 0.0 0.9807547338131893 1.220413311650947 2.239248811139408
0 0 0 0 0 0 0 1 0 0 0 0 0.5056205829602306 0.014529744179715195 0.6230925802481951 0.0 0.5166521710843933 0.5624618713417611 2.239248811139408
0 0 0 0 0 0 0 1 0 0 0 0 0.6500836066631536 -0.12107417720747353 0.8617176947246679 0.0 0.05254960835559739 0.22066891533698907 2.239248811139408
0 0 0 0 0 0 0 1 0 0 0 0 0.7945466303660766 -0.12107417720747353 0.8276283926566003 0.0 0.05254960835559739 0.4342895128399715 2.239248811139408
0 0 0 0 0 0 0 1 0 0 0 0 0.9390096540689997 -0.12107417720747353 0.8617176947246679 0.0 -0.41155295437319855 0.48555845624068733 2.239248811139408
0 0 0 0 0 0 0 1 0 0 0 0 1.0834726777719228 -0.2566780985946623 1.202610715405343 0.0 -0.41155295437319855 -1.2490407954835303 2.239248811139408
0 0 0 0 0 0 0 1 0 0 0 0 1.2279357014748458 -0.46008398067544537 1.3048786216095456 0.0 0.05254960835559739 1.7416475695582243 2.239248811139408
0 0 0 0 0 0 0 1 0 0 0 0 1.3723987251777687 -0.6634898627562285 1.338967923677613 0.0 -0.41155295437319855 -1.0354201979805477 2.239248811139408
0 0 0 0 0 0 0 1 0 0 0 0 1.5168617488806917 -0.6634898627562285 1.338967923677613 0.0 -0.8756555171019945 -0.9926960784799513 2.239248811139408
0 0 0 0 0 0 0 1 0 0 0 0 1.6613247725836149 -0.6634898627562285 1.338967923677613 0.0 -0.8756555171019945 -0.7363513614763724 2.239248811139408
0 0 0 0 0 0 0 1 0 0 0 0 -1.6613247725836149 -0.7312918234498228 1.2707893195414781 0.0 -0.41155295437319855 -0.984151254579832 0.8521464503296383
0 0 0 0 0 0 0 1 0 0 0 0 -1.5168617488806917 -0.7990937841434171 1.338967923677613 0.0 -0.8756555171019945 1.5280269720552417 0.8521464503296383
0 0 0 0 0 0 0 1 0 0 0 0 -1.3723987251777687 -0.7990937841434171 1.338967923677613 0.0 -0.8756555171019945 -1.1123236130816214 0.8521464503296383
0 0 0 0 0 0 0 1 0 0 0 0 -1.2279357014748458 -0.9346977055306059 1.338967923677613 0.0 0.05254960835559739 -1.3173993866844846 0.8521464503296383
0 0 0 0 0 0 0 1 0 0 0 0 -1.0834726777719228 -1.0024996662242003 1.338967923677613 0.0 -0.8756555171019945 -1.0781443174811443 0.8521464503296383
0 0 0 0 0 0 0 1 0 0 0 0 -0.9390096540689997 -1.0024996662242003 1.338967923677613 0.0 -0.8756555171019945 -1.0610546696809058 0.8521464503296383
0 0 0 0 0 0 0 1 0 0 0 0 -0.7945466303660766 -0.7990937841434171 1.338967923677613 0.0 -0.41155295437319855 -1.0781443174811443 2.239248811139408
0 0 0 0 0 0 0 1 0 0 0 0 -0.6500836066631536 -0.5278859413690398 1.066253507133073 0.0 -0.8756555171019945 1.7416475695582243 2.239248811139408
0 0 0 0 0 0 0 1 0 0 0 0 -0.5056205829602306 -0.05327221651387917 0.5549139761120602 0.0 -0.41155295437319855 -1.2490407954835303 2.239248811139408
0 0 0 0 0 0 0 1 0 0 0 0 -0.3611575592573076 0.15013366556690394 0.17993165336331737 0.0 0.05254960835559739 0.45992398454032946 2.239248811139408
0 0 0 0 0 0 0 1 0 0 0 0 -0.21669453555438453 0.42134150834128137 -0.19505066938542534 0.0 -0.41155295437319855 0.5966411669422382 2.239248811139408
0 0 0 0 0 0 0 1 0 0 0 0 -0.07223151185146151 0.6247473904220645 -0.433675783861898 0.0 0.5166521710843933 -0.3518342859710039 2.239248811139408
0 0 0 0 0 0 0 1 0 0 0 0 0.07223151185146151 0.7603513118092532 -0.8427474086787082 0.0 0.9807547338131893 0.46846880844044875 2.239248811139408
0 0 0 0 0 0 0 1 0 0 0 0 0.21669453555438453 0.9637571938900363 -0.8768367107467758 0.0 0.5166521710843933 1.6732889783572698 2.239248811139408
0 0 0 0 0 0 0 1 0 0 0 0 0.3611575592573076 0.9637571938900363 -0.8768367107467758 0.0 1.4448572965419852 0.5453722235415225 2.239248811139408
0 0 0 0 0 0 0 1 0 0 0 0 0.5056205829602306 1.0315591545836307 -0.9450153148829108 0.0 0.5166521710843933 0.032682789534364515 2.239248811139408
0 0 0 0 0 0 0 1 0 0 0 0 0.6500836066631536 1.0315591545836307 -1.1154618252232484 0.0 1.4448572965419852 0.81880658834534 2.239248811139408
0 0 0 0 0 0 0 1 0 0 0 0 0.7945466303660766 0.6247473904220645 -0.6723008983383707 0.0 -0.8756555171019945 0.8358962361455786 2.239248811139408
0 0 0 0 0 0 0 1 0 0 0 0 0.9390096540689997 0.5569454297284702 -0.3314078776576954 0.0 -0.41155295437319855 0.21212409143686978 -0.5349559104801316
0 0 0 0 0 0 0 1 0 0 0 0 1.0834726777719228 0.014529744179715195 0.24811025749945242 0.0 -0.8756555171019945 -0.8047099526773267 -0.5349559104801316
0 0 0 0 0 0 0 1 0 0 0 0 1.2279357014748458 -0.12107417720747353 0.5208246740439926 0.0 -0.8756555171019945 -0.7107168897760144 -0.5349559104801316
0 0 0 0 0 0 0 1 0 0 0 0 1.3723987251777687 -0.2566780985946623 0.7594497885204653 0.0 -0.41155295437319855 -1.325944210584604 -0.5349559104801316
0 0 0 0 0 0 0 1 0 0 0 0 1.5168617488806917 -0.46008398067544537 0.9298962988608028 0.0 -0.41155295437319855 -0.6850824180756566 -0.5349559104801316
0 0 0 0 0 0 0 1 0 0 0 0 1.6613247725836149 -0.5956879020626341 1.066253507133073 0.0 -0.8756555171019945 -0.813254776577446 -0.5349559104801316