0 0 0 0 0 0 0 1 0 0 0 0 -1.6613247725836149 -0.46008398067544537 0.24811025749945242 0.0 -0.41155295437319855 0.23775856313722768 -0.5349559104801316
0 0 0 0 0 0 0 1 0 0 0 0 -1.5168617488806917 -0.46008398067544537 0.28219955956751996 0.0 -0.41155295437319855 1.5707510915558383 -0.5349559104801316
0 0 0 0 0 0 0 1 0 0 0 0 -1.3723987251777687 -0.39228201998185097 0.28219955956751996 0.0 -0.8756555171019945 -0.4885514683729127 -0.5349559104801316
0 0 0 0 0 0 0 1 0 0 0 0 -1.2279357014748458 -0.46008398067544537 0.3844674657717225 0.0 -0.8756555171019945 -0.6679927702754179 -0.5349559104801316
0 0 0 0 0 0 0 1 0 0 0 0 -1.0834726777719228 -0.5278859413690398 0.5208246740439926 0.0 -0.8756555171019945 0.39156539333937507 -0.5349559104801316
0 0 0 0 0 0 0 1 0 0 0 0 -0.9390096540689997 -0.5956879020626341 0.4867353719759251 0.0 -0.41155295437319855 -0.44582734887231623 -0.5349559104801316
0 0 0 0 0 0 0 1 0 0 0 0 -0.7945466303660766 -0.2566780985946623 0.28219955956751996 0.0 -0.41155295437319855 -1.1977718520828144 -0.5349559104801316
0 0 0 0 0 0 0 1 0 0 0 0 -0.6500836066631536 0.08233170487330956 0.07766374715911482 0.0 -0.41155295437319855 1.6049303871563154 -0.5349559104801316
0 0 0 0 0 0 0 1 0 0 0 0 -0.5056205829602306 0.48914346903487577 -0.12687206524929032 0.0 -0.8756555171019945 -1.3173993866844846 -0.5349559104801316
0 0 0 0 0 0 0 1 0 0 0 0 -0.3611575592573076 0.48914346903487577 -0.16096136731735783 0.0 -0.41155295437319855 -1.1379580847819795 -0.5349559104801316
0 0 0 0 0 0 0 1 0 0 0 0 -0.21669453555438453 0.353539547647687 -0.024604159045087746 0.0 -0.8756555171019945 -0.6338134746749408 -0.5349559104801316
0 0 0 0 0 0 0 1 0 0 0 0 -0.07223151185146151 0.353539547647687 -0.12687206524929032 0.0 -0.41155295437319855 1.2973167267520207 -0.5349559104801316
0 0 0 0 0 0 0 1 0 0 0 0 0.07223151185146151 0.2857375869540927 0.2140209554313849 0.0 -0.41155295437319855 -0.6423582985750601 -0.5349559104801316
0 0 0 0 0 0 0 1 0 0 0 0 0.21669453555438453 0.5569454297284702 -0.5018543879980331 0.0 0.5166521710843933 1.1007857770492768 -0.5349559104801316
0 0 0 0 0 0 0 1 0 0 0 0 0.3611575592573076 0.6247473904220645 -0.7063902004064382 0.0 1.4448572965419852 0.7419031732442662 -0.5349559104801316
0 0 0 0 0 0 0 1 0 0 0 0 0.5056205829602306 0.7603513118092532 -0.6382115962703031 0.0 1.908959859270781 0.22066891533698907 -0.5349559104801316
0 0 0 0 0 0 0 1 0 0 0 0 0.6500836066631536 0.6925493511156589 -0.6723008983383707 0.0 1.908959859270781 0.46846880844044875 -0.5349559104801316
0 0 0 0 0 0 0 1 0 0 0 0 0.7945466303660766 0.6247473904220645 -0.6723008983383707 0.0 1.908959859270781 0.5111929279410452 -0.5349559104801316
0 0 0 0 0 0 0 1 0 0 0 0 0.9390096540689997 0.6925493511156589 -0.8086581066106407 0.0 0.5166521710843933 0.9982478902478452 2.239248811139408
0 0 0 0 0 0 0 1 0 0 0 0 1.0834726777719228 0.2857375869540927 -0.6382115962703031 0.0 -0.41155295437319855 0.28902750653794346 2.239248811139408
0 0 0 0 0 0 0 1 0 0 0 0 1.2279357014748458 -0.39228201998185097 0.17993165336331737 0.0 -0.8756555171019945 -1.0012409023800706 2.239248811139408
0 0 0 0 0 0 0 1 0 0 0 0 1.3723987251777687 -0.6634898627562285 0.41855676783979 0.0 -0.8756555171019945 1.7160130978578663 2.239248811139408
0 0 0 0 0 0 0 1 0 0 0 0 1.5168617488806917 -0.9346977055306059 0.6230925802481951 0.0 -0.41155295437319855 -1.0866891413812636 2.239248811139408
0 0 0 0 0 0 0 1 0 0 0 0 1.6613247725836149 -1.2059055483049834 0.8958069967927353 0.0 -0.8756555171019945 -0.5910893551743442 2.239248811139408
0 0 0 0 0 0 0 1 0 0 0 0 -1.6613247725836149 -1.341509469692172 0.9639856009288704 0.0 -0.8756555171019945 -1.0610546696809058 -0.5349559104801316
0 0 0 0 0 0 0 1 0 0 0 0 -1.5168617488806917 -1.4093114303857666 0.9298962988608028 0.0 -0.8756555171019945 -1.0866891413812636 -0.5349559104801316
0 0 0 0 0 0 0 1 0 0 0 0 -1.3723987251777687 -1.6127173124665495 1.0321642050650055 0.0 -0.8756555171019945 -1.1465029086820986 -0.5349559104801316
0 0 0 0 0 0 0 1 0 0 0 0 -1.2279357014748458 -1.680519273160144 1.1003428092011405 0.0 -0.8756555171019945 -1.1123236130816214 -0.5349559104801316
0 0 0 0 0 0 0 1 0 0 0 0 -1.0834726777719228 -1.7483212338537384 1.066253507133073 0.0 -0.41155295437319855 -1.155047732582218 -0.5349559104801316
0 0 0 0 0 0 0 1 0 0 0 0 -0.9390096540689997 -1.8161231945473326 1.1003428092011405 0.0 -0.8756555171019945 -0.4031032293717197 -0.5349559104801316
0 0 0 0 0 0 0 1 0 0 0 0 -0.7945466303660766 -1.4771133910793608 1.0321642050650055 0.0 -0.8756555171019945 -0.813254776577446 -0.5349559104801316
0 0 0 0 0 0 0 1 0 0 0 0 -0.6500836066631536 -0.32448005928825663 0.07766374715911482 0.0 -0.41155295437319855 -0.04422062556670917 -0.5349559104801316
0 0 0 0 0 0 0 1 0 0 0 0 -0.5056205829602306 -0.12107417720747353 -0.19505066938542534 0.0 0.5166521710843933 0.904254827346533 -0.5349559104801316
0 0 0 0 0 0 0 1 0 0 0 0 -0.3611575592573076 0.2857375869540927 -0.5700329921341681 0.0 0.05254960835559739 0.7162687015439084 -0.5349559104801316
0 0 0 0 0 0 0 1 0 0 0 0 -0.21669453555438453 0.5569454297284702 -0.7745688045425733 0.0 0.5166521710843933 -1.325944210584604 -0.5349559104801316
0 0 0 0 0 0 0 1 0 0 0 0 -0.07223151185146151 0.8281532725028475 -1.1154618252232484 0.0 0.5166521710843933 -0.3689239337712425 -0.5349559104801316
0 0 0 0 0 0 0 1 0 0 0 0 0.07223151185146151 1.0315591545836307 -1.3881762417677885 0.0 0.5166521710843933 0.5111929279410452 -0.5349559104801316
0 0 0 0 0 0 0 1 0 0 0 0 0.21669453555438453 1.0993611152772251 -1.3881762417677885 0.0 0.9807547338131893 -0.9670616067795934 -0.5349559104801316
0 0 0 0 0 0 0 1 0 0 0 0 0.3611575592573076 1.2349650366644138 -1.3881762417677885 0.0 0.9807547338131893 -1.0866891413812636 -0.5349559104801316
0 0 0 0 0 0 0 1 0 0 0 0 0.5056205829602306 1.2349650366644138 -1.422265543835856 0.0 0.5166521710843933 -0.9756064306797128 -0.5349559104801316
0 0 0 0 0 0 0 1 0 0 0 0 0.6500836066631536 1.1671630759708194 -1.3881762417677885 0.0 0.9807547338131893 1.7160130978578663 -0.5349559104801316
0 0 0 0 0 0 0 1 0 0 0 0 0.7945466303660766 0.7603513118092532 -1.081372523155181 0.0 1.4448572965419852 -0.19802745576885655 -0.5349559104801316
0 0 0 0 0 0 0 1 0 0 0 0 0.9390096540689997 0.48914346903487577 -0.8768367107467758 0.0 0.05254960835559739 1.3144063745522594 -0.5349559104801316
0 0 0 0 0 0 0 1 0 0 0 0 1.0834726777719228 0.15013366556690394 -0.6382115962703031 0.0 -0.41155295437319855 1.4083994374535715 -0.5349559104801316
0 0 0 0 0 0 0 1 0 0 0 0 1.2279357014748458 0.08233170487330956 -0.6041222942022356 0.0 0.05254960835559739 0.34029644993865926 -0.5349559104801316
0 0 0 0 0 0 0 1 0 0 0 0 1.3723987251777687 0.014529744179715195 -0.5018543879980331 0.0 0.05254960835559739 -0.08694474506730566 -0.5349559104801316
0 0 0 0 0 0 0 1 0 0 0 0 1.5168617488806917 -0.05327221651387917 -0.433675783861898 0.0 0.5166521710843933 0.7504479971443856 -0.5349559104801316
0 0 0 0 0 0 0 1 0 0 0 0 1.6613247725836149 -0.12107417720747353 -0.3314078776576954 0.0 1.908959859270781 0.42574468893985223 -0.5349559104801316
0 0 0 0 0 0 0 1 0 0 0 0 -1.6613247725836149 -0.18887613790106791 -0.2632292735215604 0.0 0.5166521710843933 0.6649997581431926 -0.5349559104801316
0 0 0 0 0 0 0 1 0 0 0 0 -1.5168617488806917 -0.39228201998185097 0.009485143022979776 0.0 -0.41155295437319855 0.6393652864428347 -0.5349559104801316
0 0 0 0 0 0 0 1 0 0 0 0 -1.3723987251777687 -0.39228201998185097 -0.024604159045087746 0.0 0.05254960835559739 1.1093306009493962 -0.5349559104801316
0 0 0 0 0 0 0 1 0 0 0 0 -1.2279357014748458 -0.6634898627562285 0.2140209554313849 0.0 0.05254960835559739 1.3485856701527366 -0.5349559104801316
0 0 0 0 0 0 0 1 0 0 0 0 -1.0834726777719228 -0.7990937841434171 0.3844674657717225 0.0 -0.41155295437319855 -1.1721373803824566 -0.5349559104801316
0 0 0 0 0 0 0 1 0 0 0 0 -0.9390096540689997 -0.8668957448370116 0.5890032781801277 0.0 -0.41155295437319855 1.7416475695582243 -0.5349559104801316
0 0 0 0 0 0 0 1 0 0 0 0 -0.7945466303660766 -0.6634898627562285 0.4867353719759251 0.0 -0.8756555171019945 -1.3173993866844846 -0.5349559104801316
0 0 0 0 0 0 0 1 0 0 0 0 -0.6500836066631536 -0.2566780985946623 0.0435744450910473 0.0 -0.8756555171019945 -1.3003097388842462 -0.5349559104801316
0 0 0 0 0 0 0 1 0 0 0 0 -0.5056205829602306 -0.05327221651387917 -0.12687206524929032 0.0 0.05254960835559739 1.1776891921503505 -0.5349559104801316
0 0 0 0 0 0 0 1 0 0 0 0 -0.3611575592573076 0.2857375869540927 -0.2632292735215604 0.0 0.05254960835559739 0.6051859908423575 -0.5349559104801316
0 0 0 0 0 0 0 1 0 0 0 0 -0.21669453555438453 0.42134150834128137 -0.3314078776576954 0.0 0.9807547338131893 0.05831726123472241 -0.5349559104801316
0 0 0 0 0 0 0 1 0 0 0 0 -0.07223151185146151 0.42134150834128137 -0.3314078776576954 0.0 1.908959859270781 -0.13821368846802146 -0.5349559104801316
0 0 0 0 0 0 0 1 0 0 0 0 0.07223151185146151 0.2857375869540927 -0.058693461113155265 0.0 0.9807547338131893 -0.2920205186701688 0.15859526992475342
0 0 0 0 0 0 0 1 0 0 0 0 0.21669453555438453 0.2857375869540927 -0.024604159045087746 0.0 0.05254960835559739 1.5109373242550033 0.15859526992475342
0 0 0 0 0 0 0 1 0 0 0 0 0.3611575592573076 0.08233170487330956 0.350378163703655 0.0 0.05254960835559739 -0.8987030155786391 0.15859526992475342
0 0 0 0 0 0 0 1 0 0 0 0 0.5056205829602306 0.15013366556690394 0.07766374715911482 0.0 0.05254960835559739 -0.6081790029745829 0.15859526992475342
0 0 0 0 0 0 0 1 0 0 0 0 0.6500836066631536 0.15013366556690394 -0.024604159045087746 0.0 0.9807547338131893 -0.01004132996623198 0.15859526992475342
0 0 0 0 0 0 0 1 0 0 0 0 0.7945466303660766 -0.05327221651387917 0.350378163703655 0.0 0.05254960835559739 0.9127996512466523 0.15859526992475342
0 0 0 0 0 0 0 1 0 0 0 0 0.9390096540689997 -0.18887613790106791 0.6230925802481951 0.0 -0.41155295437319855 1.5792959154559576 -0.5349559104801316
0 0 0 0 0 0 0 1 0 0 0 0 1.0834726777719228 -0.32448005928825663 0.8276283926566003 0.0 -0.8756555171019945 1.681833802257389 -0.5349559104801316
0 0 0 0 0 0 0 1 0 0 0 0 1.2279357014748458 -0.46008398067544537 0.9639856009288704 0.0 -0.8756555171019945 1.6134752110564348 -0.5349559104801316
0 0 0 0 0 0 0 1 0 0 0 0 1.3723987251777687 -0.46008398067544537 1.0321642050650055 0.0 -0.8756555171019945 1.6903786261575084 -0.5349559104801316
0 0 0 0 0 0 0 1 0 0 0 0 1.5168617488806917 -0.5278859413690398 1.066253507133073 0.0 -0.8756555171019945 -0.4543721727724355 -0.5349559104801316
0 0 0 0 0 0 0 1 0 0 0 0 1.6613247725836149 -0.5278859413690398 1.1003428092011405 0.0 -0.8756555171019945 0.9469789468471295 -0.5349559104801316