0 0 0 0 0 0 0 1 0 0 0 0 -1.6613247725836149 -0.32448005928825663 -0.22913997145349288 0.0 -0.8756555171019945 -0.9499719589793548 -0.5349559104801316
0 0 0 0 0 0 0 1 0 0 0 0 -1.5168617488806917 -0.7312918234498228 0.2140209554313849 0.0 -0.41155295437319855 -1.2832200910840075 -0.5349559104801316
0 0 0 0 0 0 0 1 0 0 0 0 -1.3723987251777687 -0.9346977055306059 0.41855676783979 0.0 0.05254960835559739 -1.189227028182695 -0.5349559104801316
0 0 0 0 0 0 0 1 0 0 0 0 -1.2279357014748458 -1.138103587611389 0.6571818823162627 0.0 -0.41155295437319855 -1.2148614998830531 -0.5349559104801316
0 0 0 0 0 0 0 1 0 0 0 0 -1.0834726777719228 -1.2737075089985777 0.7594497885204653 0.0 -0.8756555171019945 -1.0610546696809058 -0.5349559104801316
0 0 0 0 0 0 0 1 0 0 0 0 -0.9390096540689997 -1.2059055483049834 0.7253604864523977 0.0 0.5166521710843933 -1.2575856193836497 -0.5349559104801316
0 0 0 0 0 0 0 1 0 0 0 0 -0.7945466303660766 -0.6634898627562285 0.350378163703655 0.0 -0.8756555171019945 1.1776891921503505 -0.5349559104801316
0 0 0 0 0 0 0 1 0 0 0 0 -0.6500836066631536 0.2857375869540927 -0.5359436900661005 0.0 -0.41155295437319855 0.3061171543381821 -0.5349559104801316
0 0 0 0 0 0 0 1 0 0 0 0 -0.5056205829602306 0.7603513118092532 -0.8086581066106407 0.0 0.05254960835559739 0.3061171543381821 -0.5349559104801316
0 0 0 0 0 0 0 1 0 0 0 0 -0.3611575592573076 1.0315591545836307 -1.149551127291316 0.0 0.5166521710843933 0.3830205694392558 -0.5349559104801316
0 0 0 0 0 0 0 1 0 0 0 0 -0.21669453555438453 1.3705689580516025 -1.3199976376316536 0.0 0.9807547338131893 0.5111929279410452 -0.5349559104801316
0 0 0 0 0 0 0 1 0 0 0 0 -0.07223151185146151 1.6417768008259799 -1.5586227521081262 0.0 2.373062421999577 1.2631374311515435 -0.5349559104801316
0 0 0 0 0 0 0 1 0 0 0 0 0.07223151185146151 1.6417768008259799 -1.5586227521081262 0.0 3.3012675474571687 1.2033236638507083 -0.5349559104801316
0 0 0 0 0 0 0 1 0 0 0 0 0.21669453555438453 1.6417768008259799 -1.5586227521081262 0.0 2.373062421999577 0.878620355646175 -0.5349559104801316
0 0 0 0 0 0 0 1 0 0 0 0 0.3611575592573076 1.7773807222131688 -1.6268013562442611 0.0 2.373062421999577 0.647910110342954 -0.5349559104801316
0 0 0 0 0 0 0 1 0 0 0 0 0.5056205829602306 1.6417768008259799 -1.5245334500400587 0.0 0.9807547338131893 0.28902750653794346 -0.5349559104801316
0 0 0 0 0 0 0 1 0 0 0 0 0.6500836066631536 1.5739748401323856 -1.4904441479719912 0.0 1.4448572965419852 -0.02713097776647058 -0.5349559104801316
0 0 0 0 0 0 0 1 0 0 0 0 0.7945466303660766 1.3705689580516025 -1.3881762417677885 0.0 1.4448572965419852 -0.06985509726706707 -0.5349559104801316
0 0 0 0 0 0 0 1 0 0 0 0 0.9390096540689997 1.2349650366644138 -1.3199976376316536 0.0 0.05254960835559739 -0.10403439286754426 -0.5349559104801316
0 0 0 0 0 0 0 1 0 0 0 0 1.0834726777719228 0.6925493511156589 -1.1154618252232484 0.0 -0.8756555171019945 0.2633930348375856 -0.5349559104801316
0 0 0 0 0 0 0 1 0 0 0 0 1.2279357014748458 0.014529744179715195 -0.6723008983383707 0.0 -0.41155295437319855 -1.180682204282576 -0.5349559104801316
0 0 0 0 0 0 0 1 0 0 0 0 1.3723987251777687 -0.18887613790106791 -0.433675783861898 0.0 0.05254960835559739 -1.3088545627843653 -0.5349559104801316
0 0 0 0 0 0 0 1 0 0 0 0 1.5168617488806917 -0.18887613790106791 -0.4677650859299655 0.0 0.05254960835559739 1.3742201418530944 -0.5349559104801316
0 0 0 0 0 0 0 1 0 0 0 0 1.6613247725836149 -0.5278859413690398 -0.09278276318122279 0.0 -0.8756555171019945 -1.3088545627843653 -0.5349559104801316
0 0 0 0 0 0 0 1 0 0 0 0 -1.6613247725836149 -0.7990937841434171 0.11175304922718234 0.0 -0.8756555171019945 -0.9926960784799513 -0.5349559104801316
0 0 0 0 0 0 0 1 0 0 0 0 -1.5168617488806917 -0.9346977055306059 0.350378163703655 0.0 0.5166521710843933 -1.2575856193836497 -0.5349559104801316
0 0 0 0 0 0 0 1 0 0 0 0 -1.3723987251777687 -0.8668957448370116 0.31628886163558745 0.0 -0.41155295437319855 -0.9328823111791162 -0.5349559104801316
0 0 0 0 0 0 0 1 0 0 0 0 -1.2279357014748458 -1.0024996662242003 0.45264606990785755 0.0 -0.41155295437319855 -1.3088545627843653 -0.5349559104801316
0 0 0 0 0 0 0 1 0 0 0 0 -1.0834726777719228 -1.138103587611389 0.6230925802481951 0.0 -0.8756555171019945 -1.0866891413812636 -0.5349559104801316
0 0 0 0 0 0 0 1 0 0 0 0 -0.9390096540689997 -0.9346977055306059 0.5208246740439926 0.0 -0.8756555171019945 -0.727806537576253 -0.5349559104801316
0 0 0 0 0 0 0 1 0 0 0 0 -0.7945466303660766 -0.7990937841434171 0.45264606990785755 0.0 -0.8756555171019945 -0.6765375941755373 -0.5349559104801316
0 0 0 0 0 0 0 1 0 0 0 0 -0.6500836066631536 -0.5956879020626341 0.31628886163558745 0.0 -0.8756555171019945 1.2887719028519014 -0.5349559104801316
0 0 0 0 0 0 0 1 0 0 0 0 -0.5056205829602306 -0.05327221651387917 -0.29731857558962793 0.0 -0.41155295437319855 0.8700755317460558 -0.5349559104801316
0 0 0 0 0 0 0 1 0 0 0 0 -0.3611575592573076 0.21793562626049828 -0.29731857558962793 0.0 -0.41155295437319855 0.24630338703734697 -0.5349559104801316
0 0 0 0 0 0 0 1 0 0 0 0 -0.21669453555438453 0.2857375869540927 -0.5018543879980331 0.0 0.5166521710843933 1.3742201418530944 -0.5349559104801316
0 0 0 0 0 0 0 1 0 0 0 0 -0.07223151185146151 0.42134150834128137 -0.5359436900661005 0.0 -0.8756555171019945 0.9811582424476066 -0.5349559104801316
0 0 0 0 0 0 0 1 0 0 0 0 0.07223151185146151 0.42134150834128137 -0.4677650859299655 0.0 -0.41155295437319855 0.904254827346533 -0.5349559104801316
0 0 0 0 0 0 0 1 0 0 0 0 0.21669453555438453 0.5569454297284702 -0.5359436900661005 0.0 -0.8756555171019945 0.1181310285355575 -0.5349559104801316
0 0 0 0 0 0 0 1 0 0 0 0 0.3611575592573076 0.6247473904220645 -0.6723008983383707 0.0 1.908959859270781 0.28902750653794346 -0.5349559104801316
0 0 0 0 0 0 0 1 0 0 0 0 0.5056205829602306 0.7603513118092532 -0.6723008983383707 0.0 0.9807547338131893 -0.12966886456790216 -0.5349559104801316
0 0 0 0 0 0 0 1 0 0 0 0 0.6500836066631536 0.7603513118092532 -0.6041222942022356 0.0 0.9807547338131893 0.3232068021384207 -0.5349559104801316
0 0 0 0 0 0 0 1 0 0 0 0 0.7945466303660766 0.7603513118092532 -0.6723008983383707 0.0 0.05254960835559739 0.21212409143686978 -0.5349559104801316
0 0 0 0 0 0 0 1 0 0 0 0 0.9390096540689997 0.6247473904220645 -0.5018543879980331 0.0 -0.8756555171019945 -0.31765499037052675 -0.5349559104801316
0 0 0 0 0 0 0 1 0 0 0 0 1.0834726777719228 0.15013366556690394 0.009485143022979776 0.0 -0.41155295437319855 -1.0268753740804286 -0.5349559104801316
0 0 0 0 0 0 0 1 0 0 0 0 1.2279357014748458 -0.12107417720747353 0.31628886163558745 0.0 -0.8756555171019945 0.20357926753675049 -0.5349559104801316
0 0 0 0 0 0 0 1 0 0 0 0 1.3723987251777687 -0.2566780985946623 0.5549139761120602 0.0 -0.8756555171019945 -0.5398204117736285 -0.5349559104801316
0 0 0 0 0 0 0 1 0 0 0 0 1.5168617488806917 -0.39228201998185097 0.6230925802481951 0.0 -0.41155295437319855 -0.8559788960780426 -0.5349559104801316
0 0 0 0 0 0 0 1 0 0 0 0 1.6613247725836149 -0.5278859413690398 0.7253604864523977 0.0 0.5166521710843933 -1.1977718520828144 -0.5349559104801316
0 0 0 0 0 0 0 1 0 0 0 0 -1.6613247725836149 -0.18887613790106791 0.24811025749945242 0.0 0.9807547338131893 1.0580616575486803 -0.5349559104801316
0 0 0 0 0 0 0 1 0 0 0 0 -1.5168617488806917 -0.2566780985946623 0.2140209554313849 0.0 -0.41155295437319855 1.7160130978578663 -0.5349559104801316
0 0 0 0 0 0 0 1 0 0 0 0 -1.3723987251777687 -0.39228201998185097 0.41855676783979 0.0 -0.8756555171019945 0.733358349344147 -0.5349559104801316
0 0 0 0 0 0 0 1 0 0 0 0 -1.2279357014748458 -0.46008398067544537 0.45264606990785755 0.0 -0.8756555171019945 -1.095233965281383 -0.5349559104801316
0 0 0 0 0 0 0 1 0 0 0 0 -1.0834726777719228 -0.5956879020626341 0.6230925802481951 0.0 -0.8756555171019945 -1.2832200910840075 -0.5349559104801316
0 0 0 0 0 0 0 1 0 0 0 0 -0.9390096540689997 -0.5278859413690398 0.6571818823162627 0.0 -0.8756555171019945 -1.2746752671838881 -0.5349559104801316
0 0 0 0 0 0 0 1 0 0 0 0 -0.7945466303660766 -0.2566780985946623 0.350378163703655 0.0 0.05254960835559739 0.8871651795462944 -0.5349559104801316
0 0 0 0 0 0 0 1 0 0 0 0 -0.6500836066631536 -0.46008398067544537 1.066253507133073 0.0 -0.8756555171019945 0.5197377518411646 -0.5349559104801316
0 0 0 0 0 0 0 1 0 0 0 0 -0.5056205829602306 -0.46008398067544537 1.1003428092011405 0.0 -0.8756555171019945 1.5194821481551224 -0.5349559104801316
0 0 0 0 0 0 0 1 0 0 0 0 -0.3611575592573076 -0.39228201998185097 1.134432111269208 0.0 -0.8756555171019945 -0.6167238268747022 -0.5349559104801316
0 0 0 0 0 0 0 1 0 0 0 0 -0.21669453555438453 -0.2566780985946623 0.8958069967927353 0.0 -0.8756555171019945 -0.19802745576885655 -0.5349559104801316
0 0 0 0 0 0 0 1 0 0 0 0 -0.07223151185146151 -0.18887613790106791 0.7594497885204653 0.0 0.05254960835559739 1.5280269720552417 -0.5349559104801316
0 0 0 0 0 0 0 1 0 0 0 0 0.07223151185146151 -0.12107417720747353 0.7935390905885328 0.0 -0.41155295437319855 -1.2148614998830531 -0.5349559104801316
0 0 0 0 0 0 0 1 0 0 0 0 0.21669453555438453 -0.18887613790106791 0.9639856009288704 0.0 0.05254960835559739 1.2716822550516629 -0.5349559104801316
0 0 0 0 0 0 0 1 0 0 0 0 0.3611575592573076 -0.2566780985946623 1.134432111269208 0.0 0.05254960835559739 0.5368273996414031 -0.5349559104801316
0 0 0 0 0 0 0 1 0 0 0 0 0.5056205829602306 -0.2566780985946623 1.1003428092011405 0.0 -0.41155295437319855 -1.2661304432837688 -0.5349559104801316
0 0 0 0 0 0 0 1 0 0 0 0 0.6500836066631536 -0.18887613790106791 1.1003428092011405 0.0 -0.8756555171019945 -0.05276544946682847 -0.5349559104801316
0 0 0 0 0 0 0 1 0 0 0 0 0.7945466303660766 -0.2566780985946623 1.202610715405343 0.0 -0.8756555171019945 -0.4287377010720776 -0.5349559104801316
0 0 0 0 0 0 0 1 0 0 0 0 0.9390096540689997 -0.32448005928825663 1.2707893195414781 0.0 -0.8756555171019945 0.34884127383877855 2.239248811139408
0 0 0 0 0 0 0 1 0 0 0 0 1.0834726777719228 -0.32448005928825663 1.3048786216095456 0.0 -0.8756555171019945 0.34884127383877855 2.239248811139408
0 0 0 0 0 0 0 1 0 0 0 0 1.2279357014748458 -0.39228201998185097 1.338967923677613 0.0 -0.8756555171019945 -0.2834756947700495 2.239248811139408
0 0 0 0 0 0 0 1 0 0 0 0 1.3723987251777687 -0.46008398067544537 1.338967923677613 0.0 -0.8756555171019945 -0.984151254579832 2.239248811139408
0 0 0 0 0 0 0 1 0 0 0 0 1.5168617488806917 -0.5278859413690398 1.338967923677613 0.0 -0.8756555171019945 -1.325944210584604 2.239248811139408
0 0 0 0 0 0 0 1 0 0 0 0 1.6613247725836149 -0.5278859413690398 1.338967923677613 0.0 -0.8756555171019945 -1.325944210584604 2.239248811139408