0 0 0 0 0 0 0 1 0 0 0 0 -1.6613247725836149 -0.5956879020626341 1.2367000174734106 0.0 -0.8756555171019945 0.904254827346533 -0.5349559104801316
0 0 0 0 0 0 0 1 0 0 0 0 -1.5168617488806917 -0.5956879020626341 1.3048786216095456 0.0 -0.8756555171019945 1.075151305348919 -0.5349559104801316
0 0 0 0 0 0 0 1 0 0 0 0 -1.3723987251777687 -0.6634898627562285 1.3048786216095456 0.0 -0.8756555171019945 1.0067927141479645 -0.5349559104801316
0 0 0 0 0 0 0 1 0 0 0 0 -1.2279357014748458 -0.6634898627562285 1.338967923677613 0.0 -0.8756555171019945 1.0067927141479645 -0.5349559104801316
0 0 0 0 0 0 0 1 0 0 0 0 -1.0834726777719228 -0.6634898627562285 1.338967923677613 0.0 -0.8756555171019945 1.0153375380480838 -0.5349559104801316
0 0 0 0 0 0 0 1 0 0 0 0 -0.9390096540689997 -0.6634898627562285 1.338967923677613 0.0 -0.41155295437319855 -0.7705306570768495 -0.5349559104801316
0 0 0 0 0 0 0 1 0 0 0 0 -0.7945466303660766 -0.5278859413690398 1.3048786216095456 0.0 0.9807547338131893 0.3061171543381821 2.239248811139408
0 0 0 0 0 0 0 1 0 0 0 0 -0.6500836066631536 -0.39228201998185097 1.2707893195414781 0.0 -0.8756555171019945 -1.095233965281383 2.239248811139408
0 0 0 0 0 0 0 1 0 0 0 0 -0.5056205829602306 -0.39228201998185097 1.2367000174734106 0.0 -0.41155295437319855 -0.5312755878735091 2.239248811139408
0 0 0 0 0 0 0 1 0 0 0 0 -0.3611575592573076 -0.2566780985946623 1.066253507133073 0.0 -0.41155295437319855 -1.043965021880667 2.239248811139408
0 0 0 0 0 0 0 1 0 0 0 0 -0.21669453555438453 -0.12107417720747353 0.8958069967927353 0.0 0.9807547338131893 0.964068594647368 2.239248811139408
0 0 0 0 0 0 0 1 0 0 0 0 -0.07223151185146151 -0.18887613790106791 1.202610715405343 0.0 -0.41155295437319855 -0.44582734887231623 2.239248811139408
0 0 0 0 0 0 0 1 0 0 0 0 0.07223151185146151 -0.12107417720747353 1.134432111269208 0.0 -0.8756555171019945 -0.6338134746749408 2.239248811139408
0 0 0 0 0 0 0 1 0 0 0 0 0.21669453555438453 -0.18887613790106791 1.1003428092011405 0.0 0.05254960835559739 1.2375029594511857 2.239248811139408
0 0 0 0 0 0 0 1 0 0 0 0 0.3611575592573076 -0.18887613790106791 1.1685214133372754 0.0 -0.41155295437319855 0.1181310285355575 2.239248811139408
0 0 0 0 0 0 0 1 0 0 0 0 0.5056205829602306 -0.18887613790106791 1.2367000174734106 0.0 -0.41155295437319855 0.5966411669422382 2.239248811139408
0 0 0 0 0 0 0 1 0 0 0 0 0.6500836066631536 -0.12107417720747353 1.134432111269208 0.0 -0.8756555171019945 -0.16384816016837936 2.239248811139408
0 0 0 0 0 0 0 1 0 0 0 0 0.7945466303660766 -0.12107417720747353 1.202610715405343 0.0 -0.41155295437319855 0.1010413807353189 2.239248811139408
0 0 0 0 0 0 0 1 0 0 0 0 0.9390096540689997 -0.18887613790106791 1.3048786216095456 0.0 -0.8756555171019945 1.0238823619482031 2.239248811139408
0 0 0 0 0 0 0 1 0 0 0 0 1.0834726777719228 -0.2566780985946623 1.338967923677613 0.0 -0.41155295437319855 0.7419031732442662 2.239248811139408
0 0 0 0 0 0 0 1 0 0 0 0 1.2279357014748458 -0.32448005928825663 1.338967923677613 0.0 -0.8756555171019945 -1.0268753740804286 2.239248811139408
0 0 0 0 0 0 0 1 0 0 0 0 1.3723987251777687 -0.32448005928825663 1.338967923677613 0.0 -0.8756555171019945 -0.4287377010720776 2.239248811139408
0 0 0 0 0 0 0 1 0 0 0 0 1.5168617488806917 -0.32448005928825663 1.338967923677613 0.0 -0.8756555171019945 0.733358349344147 2.239248811139408
0 0 0 0 0 0 0 1 0 0 0 0 1.6613247725836149 -0.32448005928825663 1.338967923677613 0.0 -0.41155295437319855 -1.0012409023800706 2.239248811139408
0 0 0 0 0 0 0 1 0 0 0 0 -1.6613247725836149 -0.32448005928825663 1.338967923677613 0.0 0.05254960835559739 0.8871651795462944 1.5456976307345232
0 0 0 0 0 0 0 1 0 0 0 0 -1.5168617488806917 -0.32448005928825663 1.338967923677613 0.0 -0.41155295437319855 0.17794479583639258 1.5456976307345232
0 0 0 0 0 0 0 1 0 0 0 0 -1.3723987251777687 -0.39228201998185097 1.338967923677613 0.0 -0.8756555171019945 -0.5227307639733899 1.5456976307345232
0 0 0 0 0 0 0 1 0 0 0 0 -1.2279357014748458 -0.39228201998185097 1.338967923677613 0.0 0.05254960835559739 -1.2319511476832916 1.5456976307345232
0 0 0 0 0 0 0 1 0 0 0 0 -1.0834726777719228 -0.39228201998185097 1.338967923677613 0.0 -0.41155295437319855 -0.9328823111791162 1.5456976307345232
0 0 0 0 0 0 0 1 0 0 0 0 -0.9390096540689997 -0.39228201998185097 1.338967923677613 0.0 -0.8756555171019945 0.7589928210445049 1.5456976307345232
0 0 0 0 0 0 0 1 0 0 0 0 -0.7945466303660766 -0.32448005928825663 1.338967923677613 0.0 -0.8756555171019945 1.4767580286545259 2.239248811139408
0 0 0 0 0 0 0 1 0 0 0 0 -0.6500836066631536 -0.2566780985946623 1.338967923677613 0.0 -0.41155295437319855 0.1693999719362733 2.239248811139408
0 0 0 0 0 0 0 1 0 0 0 0 -0.5056205829602306 -0.12107417720747353 1.338967923677613 0.0 -0.8756555171019945 -0.813254776577446 2.239248811139408
0 0 0 0 0 0 0 1 0 0 0 0 -0.3611575592573076 0.014529744179715195 0.9980749029969379 0.0 -0.8756555171019945 0.40865504113961365 2.239248811139408
0 0 0 0 0 0 0 1 0 0 0 0 -0.21669453555438453 0.353539547647687 0.6912711843843302 0.0 0.05254960835559739 0.40011021723949436 2.239248811139408
0 0 0 0 0 0 0 1 0 0 0 0 -0.07223151185146151 0.895955233196442 -0.29731857558962793 0.0 0.5166521710843933 -0.01004132996623198 2.239248811139408
0 0 0 0 0 0 0 1 0 0 0 0 0.07223151185146151 1.0993611152772251 -0.6041222942022356 0.0 0.9807547338131893 0.40011021723949436 1.5456976307345232
0 0 0 0 0 0 0 1 0 0 0 0 0.21669453555438453 0.8281532725028475 -0.5018543879980331 0.0 0.05254960835559739 1.4853028525546452 1.5456976307345232
0 0 0 0 0 0 0 1 0 0 0 0 0.3611575592573076 0.9637571938900363 -0.7404795024745057 0.0 -0.41155295437319855 -0.08694474506730566 1.5456976307345232
0 0 0 0 0 0 0 1 0 0 0 0 0.5056205829602306 0.8281532725028475 -0.5700329921341681 0.0 -0.41155295437319855 -1.2832200910840075 1.5456976307345232
0 0 0 0 0 0 0 1 0 0 0 0 0.6500836066631536 0.48914346903487577 -0.3995864817938305 0.0 3.3012675474571687 1.220413311650947 1.5456976307345232
0 0 0 0 0 0 0 1 0 0 0 0 0.7945466303660766 0.2857375869540927 -0.29731857558962793 0.0 0.5166521710843933 -1.043965021880667 1.5456976307345232
0 0 0 0 0 0 0 1 0 0 0 0 0.9390096540689997 -0.12107417720747353 0.5549139761120602 0.0 0.5166521710843933 -1.1635925564823373 1.5456976307345232
0 0 0 0 0 0 0 1 0 0 0 0 1.0834726777719228 -0.2566780985946623 0.5208246740439926 0.0 0.9807547338131893 0.1181310285355575 1.5456976307345232
0 0 0 0 0 0 0 1 0 0 0 0 1.2279357014748458 -0.39228201998185097 0.7935390905885328 0.0 -0.41155295437319855 -1.0866891413812636 1.5456976307345232
0 0 0 0 0 0 0 1 0 0 0 0 1.3723987251777687 -0.5278859413690398 0.9639856009288704 0.0 0.05254960835559739 -1.069599493581025 1.5456976307345232
0 0 0 0 0 0 0 1 0 0 0 0 1.5168617488806917 -0.7312918234498228 1.1685214133372754 0.0 -0.8756555171019945 -0.21511710356909514 1.5456976307345232
0 0 0 0 0 0 0 1 0 0 0 0 1.6613247725836149 -0.7312918234498228 1.134432111269208 0.0 0.05254960835559739 -0.9243374872789969 1.5456976307345232
0 0 0 0 0 0 0 1 0 0 0 0 -1.6613247725836149 -0.7312918234498228 1.1685214133372754 0.0 -0.8756555171019945 -1.1465029086820986 1.5456976307345232
0 0 0 0 0 0 0 1 0 0 0 0 -1.5168617488806917 -0.7312918234498228 1.066253507133073 0.0 -0.41155295437319855 -0.7790754809769689 1.5456976307345232
0 0 0 0 0 0 0 1 0 0 0 0 -1.3723987251777687 -0.8668957448370116 1.2707893195414781 0.0 0.05254960835559739 1.6732889783572698 1.5456976307345232
0 0 0 0 0 0 0 1 0 0 0 0 -1.2279357014748458 -0.7990937841434171 1.3048786216095456 0.0 -0.8756555171019945 0.964068594647368 1.5456976307345232
0 0 0 0 0 0 0 1 0 0 0 0 -1.0834726777719228 -0.8668957448370116 1.3048786216095456 0.0 -0.41155295437319855 1.0324271858483225 1.5456976307345232
0 0 0 0 0 0 0 1 0 0 0 0 -0.9390096540689997 -0.7312918234498228 1.338967923677613 0.0 -0.8756555171019945 0.647910110342954 1.5456976307345232
0 0 0 0 0 0 0 1 0 0 0 0 -0.7945466303660766 -0.6634898627562285 1.338967923677613 0.0 -0.8756555171019945 -0.24075157526945304 0.15859526992475342
0 0 0 0 0 0 0 1 0 0 0 0 -0.6500836066631536 -0.46008398067544537 1.1685214133372754 0.0 -0.8756555171019945 -1.00978572628019 0.15859526992475342
0 0 0 0 0 0 0 1 0 0 0 0 -0.5056205829602306 -0.32448005928825663 0.7253604864523977 0.0 -0.8756555171019945 0.18648961973651187 0.15859526992475342
0 0 0 0 0 0 0 1 0 0 0 0 -0.3611575592573076 0.014529744179715195 -0.09278276318122279 0.0 -0.41155295437319855 -0.5141859400732706 0.15859526992475342
0 0 0 0 0 0 0 1 0 0 0 0 -0.21669453555438453 0.21793562626049828 -0.3314078776576954 0.0 -0.41155295437319855 -1.1721373803824566 0.15859526992475342
0 0 0 0 0 0 0 1 0 0 0 0 -0.07223151185146151 0.15013366556690394 -0.2632292735215604 0.0 0.05254960835559739 0.7248135254440277 0.15859526992475342
0 0 0 0 0 0 0 1 0 0 0 0 0.07223151185146151 0.2857375869540927 -0.5018543879980331 0.0 -0.41155295437319855 -1.325944210584604 2.239248811139408
0 0 0 0 0 0 0 1 0 0 0 0 0.21669453555438453 0.48914346903487577 -0.7404795024745057 0.0 1.908959859270781 1.3144063745522594 2.239248811139408
0 0 0 0 0 0 0 1 0 0 0 0 0.3611575592573076 0.42134150834128137 -0.8086581066106407 0.0 2.373062421999577 1.357130494052856 2.239248811139408
0 0 0 0 0 0 0 1 0 0 0 0 0.5056205829602306 0.353539547647687 -0.8086581066106407 0.0 1.908959859270781 1.4767580286545259 2.239248811139408
0 0 0 0 0 0 0 1 0 0 0 0 0.6500836066631536 0.48914346903487577 -0.9450153148829108 0.0 2.373062421999577 1.391309789653333 2.239248811139408
0 0 0 0 0 0 0 1 0 0 0 0 0.7945466303660766 0.42134150834128137 -0.9109260128148433 0.0 1.4448572965419852 1.1264202487496346 2.239248811139408
0 0 0 0 0 0 0 1 0 0 0 0 0.9390096540689997 0.15013366556690394 -0.6723008983383707 0.0 -0.41155295437319855 -1.3088545627843653 1.5456976307345232
0 0 0 0 0 0 0 1 0 0 0 0 1.0834726777719228 -0.5956879020626341 0.31628886163558745 0.0 -0.8756555171019945 -0.753441009276611 1.5456976307345232
0 0 0 0 0 0 0 1 0 0 0 0 1.2279357014748458 -1.0024996662242003 0.7594497885204653 0.0 -0.41155295437319855 -0.9072478394787583 1.5456976307345232
0 0 0 0 0 0 0 1 0 0 0 0 1.3723987251777687 -1.138103587611389 0.8617176947246679 0.0 -0.8756555171019945 -0.9585167828794742 1.5456976307345232
0 0 0 0 0 0 0 1 0 0 0 0 1.5168617488806917 -1.4093114303857666 1.1003428092011405 0.0 -0.41155295437319855 -1.1294132608818601 1.5456976307345232
0 0 0 0 0 0 0 1 0 0 0 0 1.6613247725836149 -1.5449153517729552 1.1685214133372754 0.0 -0.8756555171019945 -0.8901581916785197 1.5456976307345232