0 0 0 0 0 0 0 1 0 0 0 0 -1.6613247725836149 -1.341509469692172 1.0321642050650055 0.0 -0.41155295437319855 -1.1123236130816214 -0.5349559104801316
0 0 0 0 0 0 0 1 0 0 0 0 -1.5168617488806917 -1.4093114303857666 1.0321642050650055 0.0 -0.41155295437319855 -1.1635925564823373 -0.5349559104801316
0 0 0 0 0 0 0 1 0 0 0 0 -1.3723987251777687 -1.4771133910793608 1.134432111269208 0.0 -0.8756555171019945 -0.7363513614763724 -0.5349559104801316
0 0 0 0 0 0 0 1 0 0 0 0 -1.2279357014748458 -1.4093114303857666 1.1003428092011405 0.0 -0.41155295437319855 -0.3518342859710039 -0.5349559104801316
0 0 0 0 0 0 0 1 0 0 0 0 -1.0834726777719228 -1.341509469692172 1.066253507133073 0.0 -0.8756555171019945 1.6391096827567926 -0.5349559104801316
0 0 0 0 0 0 0 1 0 0 0 0 -0.9390096540689997 -1.2737075089985777 1.1003428092011405 0.0 -0.41155295437319855 1.647654506656912 -0.5349559104801316
0 0 0 0 0 0 0 1 0 0 0 0 -0.7945466303660766 -1.0703016269177947 0.9980749029969379 0.0 -0.8756555171019945 -0.7448961853764917 -0.5349559104801316
0 0 0 0 0 0 0 1 0 0 0 0 -0.6500836066631536 -0.6634898627562285 0.5549139761120602 0.0 -0.8756555171019945 1.7416475695582243 -0.5349559104801316
0 0 0 0 0 0 0 1 0 0 0 0 -0.5056205829602306 0.21793562626049828 -0.36549717972576296 0.0 0.05254960835559739 0.21212409143686978 -0.5349559104801316
0 0 0 0 0 0 0 1 0 0 0 0 -0.3611575592573076 0.48914346903487577 -0.6723008983383707 0.0 0.5166521710843933 1.1007857770492768 -0.5349559104801316
0 0 0 0 0 0 0 1 0 0 0 0 -0.21669453555438453 0.6925493511156589 -0.9791046169509784 0.0 0.9807547338131893 1.0580616575486803 -0.5349559104801316
0 0 0 0 0 0 0 1 0 0 0 0 -0.07223151185146151 0.8281532725028475 -1.0472832210871135 0.0 0.9807547338131893 0.7846272927448628 -0.5349559104801316
0 0 0 0 0 0 0 1 0 0 0 0 0.07223151185146151 0.9637571938900363 -1.1154618252232484 0.0 0.9807547338131893 0.7846272927448628 -0.5349559104801316
0 0 0 0 0 0 0 1 0 0 0 0 0.21669453555438453 0.895955233196442 -1.149551127291316 0.0 0.9807547338131893 0.6308204625427154 -0.5349559104801316
0 0 0 0 0 0 0 1 0 0 0 0 0.3611575592573076 0.8281532725028475 -1.1836404293593834 0.0 1.908959859270781 1.5792959154559576 -0.5349559104801316
0 0 0 0 0 0 0 1 0 0 0 0 0.5056205829602306 0.9637571938900363 -1.217729731427451 0.0 0.5166521710843933 -1.1977718520828144 -0.5349559104801316
0 0 0 0 0 0 0 1 0 0 0 0 0.6500836066631536 1.0993611152772251 -1.285908335563586 0.0 1.4448572965419852 0.904254827346533 -0.5349559104801316
0 0 0 0 0 0 0 1 0 0 0 0 0.7945466303660766 0.7603513118092532 -1.081372523155181 0.0 0.9807547338131893 1.6561993305570313 -0.5349559104801316
0 0 0 0 0 0 0 1 0 0 0 0 0.9390096540689997 0.6247473904220645 -0.8427474086787082 0.0 -0.8756555171019945 1.587840739356077 -0.5349559104801316
0 0 0 0 0 0 0 1 0 0 0 0 1.0834726777719228 0.08233170487330956 -0.16096136731735783 0.0 -0.8756555171019945 1.6134752110564348 -0.5349559104801316
0 0 0 0 0 0 0 1 0 0 0 0 1.2279357014748458 -0.2566780985946623 0.31628886163558745 0.0 -0.8756555171019945 -1.1208684369817408 -0.5349559104801316
0 0 0 0 0 0 0 1 0 0 0 0 1.3723987251777687 -0.32448005928825663 0.31628886163558745 0.0 -0.41155295437319855 -1.3088545627843653 -0.5349559104801316
0 0 0 0 0 0 0 1 0 0 0 0 1.5168617488806917 -0.39228201998185097 0.24811025749945242 0.0 -0.41155295437319855 -1.0525098457807864 -0.5349559104801316
0 0 0 0 0 0 0 1 0 0 0 0 1.6613247725836149 -0.5956879020626341 0.5549139761120602 0.0 0.05254960835559739 -1.1721373803824566 -0.5349559104801316
0 0 0 0 0 0 0 1 0 0 0 0 -1.6613247725836149 -0.7312918234498228 0.4867353719759251 0.0 -0.41155295437319855 -1.155047732582218 2.239248811139408
0 0 0 0 0 0 0 1 0 0 0 0 -1.5168617488806917 -0.8668957448370116 0.7253604864523977 0.0 -0.41155295437319855 -0.727806537576253 2.239248811139408
0 0 0 0 0 0 0 1 0 0 0 0 -1.3723987251777687 -0.9346977055306059 0.7594497885204653 0.0 -0.8756555171019945 -1.095233965281383 2.239248811139408
0 0 0 0 0 0 0 1 0 0 0 0 -1.2279357014748458 -1.0703016269177947 0.8617176947246679 0.0 -0.41155295437319855 -1.1123236130816214 2.239248811139408
0 0 0 0 0 0 0 1 0 0 0 0 -1.0834726777719228 -1.2737075089985777 1.066253507133073 0.0 -0.8756555171019945 -0.37746875767136184 2.239248811139408
0 0 0 0 0 0 0 1 0 0 0 0 -0.9390096540689997 -1.341509469692172 1.134432111269208 0.0 -0.8756555171019945 -0.6850824180756566 2.239248811139408
0 0 0 0 0 0 0 1 0 0 0 0 -0.7945466303660766 -1.0024996662242003 0.8276283926566003 0.0 -0.41155295437319855 -1.155047732582218 -0.5349559104801316
0 0 0 0 0 0 0 1 0 0 0 0 -0.6500836066631536 -0.05327221651387917 -0.22913997145349288 0.0 -0.41155295437319855 1.5536614437555996 -0.5349559104801316
0 0 0 0 0 0 0 1 0 0 0 0 -0.5056205829602306 0.2857375869540927 -0.5359436900661005 0.0 -0.41155295437319855 -0.4800066444727934 -0.5349559104801316
0 0 0 0 0 0 0 1 0 0 0 0 -0.3611575592573076 0.5569454297284702 -0.8086581066106407 0.0 0.05254960835559739 1.2460477833513048 -0.5349559104801316
0 0 0 0 0 0 0 1 0 0 0 0 -0.21669453555438453 0.7603513118092532 -1.1154618252232484 0.0 0.5166521710843933 0.6137308147424768 -0.5349559104801316
0 0 0 0 0 0 0 1 0 0 0 0 -0.07223151185146151 0.895955233196442 -1.1836404293593834 0.0 0.5166521710843933 0.23775856313722768 -0.5349559104801316
0 0 0 0 0 0 0 1 0 0 0 0 0.07223151185146151 0.9637571938900363 -1.1836404293593834 0.0 2.373062421999577 0.4342895128399715 -0.5349559104801316
0 0 0 0 0 0 0 1 0 0 0 0 0.21669453555438453 1.0993611152772251 -1.2518190334955186 0.0 0.5166521710843933 0.5710066952418803 -0.5349559104801316
0 0 0 0 0 0 0 1 0 0 0 0 0.3611575592573076 1.0993611152772251 -1.2518190334955186 0.0 1.4448572965419852 1.0836961292490384 -0.5349559104801316
0 0 0 0 0 0 0 1 0 0 0 0 0.5056205829602306 1.2349650366644138 -1.285908335563586 0.0 0.5166521710843933 -1.0525098457807864 -0.5349559104801316
0 0 0 0 0 0 0 1 0 0 0 0 0.6500836066631536 1.2349650366644138 -1.354086939699721 0.0 0.05254960835559739 1.416944261353691 -0.5349559104801316
0 0 0 0 0 0 0 1 0 0 0 0 0.7945466303660766 1.2349650366644138 -1.285908335563586 0.0 0.05254960835559739 0.05831726123472241 -0.5349559104801316
0 0 0 0 0 0 0 1 0 0 0 0 0.9390096540689997 0.9637571938900363 -1.149551127291316 0.0 -0.41155295437319855 0.4428343367400909 -0.5349559104801316
0 0 0 0 0 0 0 1 0 0 0 0 1.0834726777719228 -0.05327221651387917 -0.2632292735215604 0.0 0.05254960835559739 -1.2234063237831725 -0.5349559104801316
0 0 0 0 0 0 0 1 0 0 0 0 1.2279357014748458 -0.46008398067544537 0.2140209554313849 0.0 -0.8756555171019945 -0.6167238268747022 -0.5349559104801316
0 0 0 0 0 0 0 1 0 0 0 0 1.3723987251777687 -0.7312918234498228 0.5890032781801277 0.0 -0.41155295437319855 -0.4885514683729127 -0.5349559104801316
0 0 0 0 0 0 0 1 0 0 0 0 1.5168617488806917 -0.9346977055306059 0.6571818823162627 0.0 0.05254960835559739 -1.1208684369817408 -0.5349559104801316
0 0 0 0 0 0 0 1 0 0 0 0 1.6613247725836149 -1.0703016269177947 0.8276283926566003 0.0 0.05254960835559739 -1.2490407954835303 -0.5349559104801316
0 0 0 0 0 0 0 1 0 0 0 0 -1.6613247725836149 -1.2059055483049834 0.9298962988608028 0.0 -0.41155295437319855 -1.0610546696809058 -0.5349559104801316
0 0 0 0 0 0 0 1 0 0 0 0 -1.5168617488806917 -1.341509469692172 1.0321642050650055 0.0 -0.8756555171019945 -1.0525098457807864 -0.5349559104801316
0 0 0 0 0 0 0 1 0 0 0 0 -1.3723987251777687 -1.4771133910793608 1.1003428092011405 0.0 0.05254960835559739 -1.2234063237831725 -0.5349559104801316
0 0 0 0 0 0 0 1 0 0 0 0 -1.2279357014748458 -1.5449153517729552 1.134432111269208 0.0 -0.41155295437319855 -1.0866891413812636 -0.5349559104801316
0 0 0 0 0 0 0 1 0 0 0 0 -1.0834726777719228 -1.6127173124665495 1.202610715405343 0.0 -0.8756555171019945 -0.9072478394787583 -0.5349559104801316
0 0 0 0 0 0 0 1 0 0 0 0 -0.9390096540689997 -1.6127173124665495 1.202610715405343 0.0 -0.8756555171019945 -0.23220675136933375 -0.5349559104801316
0 0 0 0 0 0 0 1 0 0 0 0 -0.7945466303660766 -1.2059055483049834 1.1003428092011405 0.0 -0.41155295437319855 -1.1379580847819795 -0.5349559104801316
0 0 0 0 0 0 0 1 0 0 0 0 -0.6500836066631536 -0.12107417720747353 -0.29731857558962793 0.0 -0.41155295437319855 -0.8645237199781618 -0.5349559104801316
0 0 0 0 0 0 0 1 0 0 0 0 -0.5056205829602306 0.353539547647687 -0.6723008983383707 0.0 -0.41155295437319855 -1.2063166759829338 -0.5349559104801316
0 0 0 0 0 0 0 1 0 0 0 0 -0.3611575592573076 0.7603513118092532 -0.9450153148829108 0.0 0.05254960835559739 0.4428343367400909 -0.5349559104801316
0 0 0 0 0 0 0 1 0 0 0 0 -0.21669453555438453 1.0315591545836307 -1.1154618252232484 0.0 0.05254960835559739 1.6220200349565541 -0.5349559104801316
0 0 0 0 0 0 0 1 0 0 0 0 -0.07223151185146151 1.3705689580516025 -1.285908335563586 0.0 0.05254960835559739 0.35738609773889785 -0.5349559104801316
0 0 0 0 0 0 0 1 0 0 0 0 0.07223151185146151 1.5061728794387912 -1.4563548459039237 0.0 0.5166521710843933 0.42574468893985223 -0.5349559104801316
0 0 0 0 0 0 0 1 0 0 0 0 0.21669453555438453 1.7095787615195743 -1.422265543835856 0.0 0.9807547338131893 -0.01004132996623198 -0.5349559104801316
0 0 0 0 0 0 0 1 0 0 0 0 0.3611575592573076 1.845182682906763 -1.4904441479719912 0.0 0.05254960835559739 -0.31765499037052675 -0.5349559104801316
0 0 0 0 0 0 0 1 0 0 0 0 0.5056205829602306 1.9129846436003575 -1.5245334500400587 0.0 0.5166521710843933 0.9298892990468909 -0.5349559104801316
0 0 0 0 0 0 0 1 0 0 0 0 0.6500836066631536 1.9129846436003575 -1.4904441479719912 0.0 0.05254960835559739 0.1095862046354382 -0.5349559104801316
0 0 0 0 0 0 0 1 0 0 0 0 0.7945466303660766 1.845182682906763 -1.4563548459039237 0.0 0.05254960835559739 1.2887719028519014 -0.5349559104801316
0 0 0 0 0 0 0 1 0 0 0 0 0.9390096540689997 1.5061728794387912 -1.285908335563586 0.0 -0.8756555171019945 1.3229511984523785 -0.5349559104801316
0 0 0 0 0 0 0 1 0 0 0 0 1.0834726777719228 0.353539547647687 -0.433675783861898 0.0 -0.8756555171019945 -1.0781443174811443 -0.5349559104801316
0 0 0 0 0 0 0 1 0 0 0 0 1.2279357014748458 -0.18887613790106791 0.2140209554313849 0.0 -0.41155295437319855 -1.240495971583411 -0.5349559104801316
0 0 0 0 0 0 0 1 0 0 0 0 1.3723987251777687 -0.46008398067544537 0.5549139761120602 0.0 -0.8756555171019945 -1.240495971583411 -0.5349559104801316
0 0 0 0 0 0 0 1 0 0 0 0 1.5168617488806917 -0.6634898627562285 0.6912711843843302 0.0 -0.8756555171019945 -0.9414271350792355 -0.5349559104801316
0 0 0 0 0 0 0 1 0 0 0 0 1.6613247725836149 -0.8668957448370116 0.7935390905885328 0.0 -0.8756555171019945 -1.2148614998830531 -0.5349559104801316